29974
54715
2
53947
51146
13
79719
22848
15
10157
9625
18
19
26154
20
21
24
23461
23460
10347
10351
5243
8647
5244
10058
11194
23457
89845
1244
8714
368
6833
10060
215
225
5826
10061
9619
64137
64240
57406
79575
10152
25890
27
3983
28
26
10449
31
32
80724
33
36
176
9744
79777
40
41
9311
55515
1636
59272
43
50
26027
51
55289
54
56
23205
81616
51703
23305
116285
6296
54988
79611
58
59
70
51412
10881
10880
81569
88
89
91
93
94
100
4185
8038
8751
8749
8728
2515
8748
53616
10863
11086
11085
1587
255926
8756
27299
81792
11093
9509
80070
9508
11174
11173
11095
56999
9719
57188
54507
11033
55803
104
105
90956
79934
107
55811
108
109
112
115
116
117
119
124
125
126
130
131
9370
79924
134
140
141
148
147
146
150
151
152
153
154
155
156
157
165
4299
2334
3899
173
116986
79841
340351
177
3267
3268
55109
79814
10555
56894
10551
375790
181
23287
186
189
64850
10768
27245
79026
197
51327
57379
199
55057
23746
326
55966
203
204
26289
8165
11215
11214
10566
8852
9495
9472
9465
10270
26993
10142
1645
1646
1109
6718
208
212
213
216
8854
10840
217
218
222
8659
7915
4329
501
64577
228
229
238
55821
239
242
245
246
247
240
241
59344
248
80216
57538
249
250
251
259173
257
60529
23600
258
259
55626
51005
265
266
267
268
269
81693
154796
270
272
275
25847
283
23357
90806
285
51378
27329
51129
10218
286
287
288
56172
23141
51281
27063
23253
26287
22852
390616
375248
79998
79722
22881
56899
55139
55107
57101
63982
23520
290
84168
312
305
306
8416
313
314
8639
8906
10053
161
8120
8943
23431
11154
317
320
321
9546
322
54518
323
10307
324
10297
325
187
334
335
336
337
338
55911
339
10930
200316
60489
341
344
345
346
347
348
319
350
8542
23780
80833
80831
80830
55937
10513
358
359
360
361
362
363
364
343
9716
367
116985
116984
23237
374
10564
383
392
55843
84986
9938
23092
79822
9743
115703
393
395
397
398
9138
9639
9826
23365
22899
27237
9828
54848
50649
7984
8289
1820
10620
51742
10865
80117
403
379
55130
79637
80210
100131755
405
9915
10777
407
408
410
414
416
417
419
420
9048
421
427
29065
55616
51666
429
430
56676
432
433
55870
434
438
8623
443
444
54829
80150
460
22809
22926
1388
11016
55729
80063
83734
55054
23192
80162
1822
474
57194
23120
23250
479
23400
477
478
482
23439
487
489
491
492
493
9914
495
496
509
517
10159
535
23545
50617
527
525
534
538
540
10396
51761
148229
79895
10079
374868
91647
26033
6310
11273
4287
92552
222255
552889
6315
6790
6795
26053
10677
551
552
553
554
8312
558
563
22994
566
8708
8707
8705
10317
27087
26229
10331
79369
146712
2583
2683
27077
570
60468
574
57597
22893
575
576
577
10458
80115
8938
578
55024
56033
8538
11136
23215
10538
9031
11176
29994
27113
8424
27241
4059
63827
55973
8537
54828
587
594
53335
596
597
10017
10018
79370
602
604
605
53630
613
622
146227
57596
79656
7439
54831
51272
8419
633
635
636
638
274
51411
79444
640
29760
644
8548
649
27302
9210
651
652
653
654
655
353500
656
658
659
660
646
666
60467
671
10380
9083
8315
672
23774
23629
10902
676
9577
2972
680
9024
54014
8927
54836
683
684
643376
55727
685
686
690
652963
7832
10950
54766
695
696
11120
54718
11119
11118
56244
10917
79908
8945
699
8896
9256
11067
55853
10974
55088
26148
26098
79741
196740
79591
80217
79949
63877
54777
79946
64776
56673
25858
29125
53838
56946
79864
28971
745
80763
51275
28984
80183
11161
55051
55195
55237
55668
56936
89919
122616
23742
80035
80072
348110
81698
750
115939
29965
80178
9605
80262
146562
79701
201229
78995
54785
55731
55018
654434
23591
753
79863
147339
8725
126353
255057
58509
113177
79036
79173
91304
55150
712
713
10882
114897
114899
92346
55765
79729
57821
79762
79098
80133
81626
54991
65260
374977
55924
81563
84719
339457
388699
10485
51093
100129271
200205
79363
375057
717
24141
140710
55184
79025
54976
55321
79133
755
56245
80215
25775
55267
79680
253143
25770
388886
51233
79640
9854
26005
54978
27013
29798
80304
79919
343990
388969
257407
56918
23434
51066
80111
711
54859
722
725
317648
55286
152992
201895
10141
10826
65250
51149
729
10665
79747
84830
64771
10591
26238
653483
79969
29113
79940
80069
80739
401251
80737
729515
57827
26236
55776
80129
730
10842
79034
51622
221960
55262
27099
79846
84060
80099
731
732
733
56988
55472
56260
78998
51337
619426
26138
57604
157869
735
389715
51531
79095
58483
57000
29044
81571
51198
55064
11094
55684
759
56934
771
23632
760
761
762
763
11238
340591
765
766
767
81617
56997
23523
9478
51475
56344
26256
773
774
775
776
777
778
8913
8912
8911
779
781
9254
55799
782
783
784
785
786
10369
10368
27092
27091
23705
57863
199731
8618
793
796
797
799
10203
800
810
91860
51806
50632
57118
57172
815
816
818
814
10645
79012
820
157922
23261
23066
11132
11131
824
825
827
10753
832
29775
79092
64170
9607
55259
57082
57513
834
843
835
837
838
844
845
846
57091
54897
847
856
79820
57828
858
859
9139
863
867
868
23624
869
875
84733
8535
23466
23492
57332
54862
1238
112869
79839
29903
79635
55610
79879
9720
25790
64793
79140
728621
80125
55036
79825
152185
284001
92558
80323
26112
83446
64925
60494
79780
11007
317762
55231
55704
440193
26093
54535
881
885
886
887
6346
6356
6357
6360
6361
6362
6363
6347
6364
6366
6367
6368
6369
6370
10850
6351
6352
6354
6355
8900
894
899
54619
79616
8812
81669
10309
2826
729230
1232
1233
1234
1235
1236
1237
10803
51554
25819
10694
150160
9398
929
11126
9332
57126
4064
930
909
910
911
912
913
914
4345
50489
30835
933
10666
100133941
51744
919
57124
939
940
11314
10871
945
947
948
951
952
915
916
917
920
958
959
960
961
962
921
1043
963
965
922
923
969
924
971
973
974
941
8832
942
925
926
22918
10225
978
81602
8556
8555
993
995
998
8476
10435
23580
8318
64866
999
1008
1009
1010
1013
1014
1015
1016
28513
28316
64405
1001
1002
1003
1004
1005
1006
1007
92211
54825
53841
8558
51755
8621
5218
5129
23097
1017
1018
8851
8941
1021
8814
8999
6792
1028
1029
1030
1031
1036
50937
1038
30850
374286
1040
1041
81620
1044
1045
1046
9085
9425
634
90273
1084
1089
1048
4680
1087
1088
1050
1052
1053
51816
1056
63036
51032
10136
23436
10659
11189
1057
9620
1952
1951
752014
80152
11064
9662
22995
22897
11190
80184
23177
79598
9350
1066
8824
23491
51716
1068
1071
629
1675
10428
3075
3080
10877
81494
8837
5199
1080
116829
116828
1081
10669
79094
1101
10036
1103
1106
1107
450091
55636
80205
10523
55743
1113
1114
1116
27159
1118
1119
10752
1122
1124
140578
63928
79586
8646
91851
1129
1131
1132
1133
1134
57053
1135
1136
1137
8973
1140
1141
1142
1143
1144
1145
1146
8534
51363
9469
10164
23563
64377
10518
1149
27141
63924
4261
8483
1154
4435
25792
1152
1158
1160
1178
1179
9635
9629
22802
1180
1181
1183
1184
1185
1186
1188
9076
9071
5010
23562
24146
10686
26285
51208
1365
1364
7122
9074
1366
9073
9080
10462
51267
51266
7123
50856
26253
10332
23601
64581
9022
53405
25999
1196
54982
2055
9575
1208
63967
64084
9746
1211
1212
1213
8218
23059
27098
1215
8418
1240
1259
1258
54714
10256
22866
1264
26507
54805
26505
26504
4848
4849
4850
10695
245812
1268
1269
79935
1271
54875
1272
6900
53942
27255
8506
26047
728577
23242
22837
1690
1300
1301
1302
1305
7373
1308
80781
1310
1277
1280
1281
1282
1284
1285
1286
1288
1289
50509
1291
1294
1295
1296
1297
1298
1299
10584
78989
81035
8292
54939
1311
1312
11316
53844
10229
10699
11151
7464
79585
1325
1352
1327
1329
1339
1346
1356
1357
1358
1359
1360
1361
1363
22849
10814
1368
1369
1370
9362
27132
29894
1374
1376
54504
8532
1378
1380
1381
1384
23418
54544
90993
1387
58487
78987
1390
1392
1393
1394
1395
1396
167
7180
10321
83716
9244
64109
1400
49860
9696
114819
1401
55118
56253
23373
1406
1408
1409
1410
1411
1412
1413
1414
1415
1416
1417
1418
1419
1420
1421
8531
27254
1434
1435
1436
1437
1438
1439
1441
1442
1443
1444
1446
1447
1448
1454
53944
1455
1464
10675
80034
8048
1469
1470
1472
1473
1474
8530
10047
196993
30848
64693
4253
1488
9150
58190
10217
1489
1493
1495
1496
29119
1501
1497
440387
11330
1506
1510
1511
1512
1515
1521
1522
2017
8029
8452
9820
23113
23316
50624
80157
6376
1524
3627
6373
6387
10563
9547
6374
6372
4283
3577
3579
2833
7852
643
10663
57007
30827
80319
9142
80231
25763
79742
54967
55086
1528
51700
1536
50626
1538
1539
1540
1583
1584
1585
1586
1588
1543
1544
1545
1589
1591
1592
56603
1593
1594
1553
1548
1549
1550
1555
1556
1562
1557
1558
1559
1565
1571
1572
1573
113612
54905
51302
1576
64816
1577
1551
10858
1579
284541
1580
57834
66002
8529
4051
11283
1581
9420
10800
57105
9267
9265
27128
9595
54360
23384
84663
23500
1600
1602
1605
747
55152
1610
1612
23604
27071
2532
1618
1620
80174
1621
79007
1628
1629
80344
25879
90379
26094
50717
79877
1630
8642
54798
166614
1634
1638
1639
10540
1641
23564
1644
23109
8528
1663
29118
55794
64794
1654
8653
54514
55510
317781
1656
10522
50514
26063
50619
1669
1670
1671
1672
81623
1673
64789
79958
27147
79961
22898
160518
9681
64798
1674
25861
8694
25786
8220
9993
26220
85359
54487
25787
1607
8527
8526
1608
1609
1723
79758
10202
51635
10170
55526
54505
9704
79132
1730
81624
23405
11083
27292
1733
1734
1735
23181
22982
54769
27185
26105
26082
284649
DKFZp434H1419
55525
401014
27123
27122
27121
27120
10395
9940
1739
1740
1741
1742
9231
9229
9228
22839
8788
65989
10683
1746
1748
1749
1750
1755
1756
1758
1760
1761
1762
23312
8632
146754
55567
1768
56171
1770
27019
64446
55466
54788
25822
23341
55192
3338
9829
7802
1773
1775
1776
58511
373863
1785
26052
1788
29947
23549
1791
8448
8447
55619
1794
1795
80005
57572
23348
83475
9046
79930
55715
55816
1797
23033
9980
84444
1800
64174
64180
8193
1803
1804
55211
1805
23333
100129460
1807
10570
1810
1812
1813
1814
1815
1816
1819
1821
1823
1824
1825
1826
79075
10281
53820
1828
1830
1832
667
25778
1838
113878
196403
23220
53905
50506
54920
51207
1844
63904
78986
1848
1849
1850
1852
26584
26583
1856
1857
54808
1780
1783
1859
9149
8445
8291
1870
1874
1875
10148
1889
9718
9427
55268
79746
1896
60401
10913
10876
64184
1906
1907
1908
1909
1910
8411
8726
1917
1936
9521
79645
64800
2202
80258
80303
1942
1943
1944
1945
1946
1947
1949
22979
10278
1950
25975
51162
1956
112399
100126791
1958
1959
1960
1961
254102
30846
26298
1962
79813
10919
10209
9086
27161
192670
8665
9470
1982
1983
1984
9669
55520
60528
1991
1993
1995
1996
1999
2001
2002
2005
8178
22936
9844
79767
2006
54898
60481
64100
64123
51705
129080
11117
84034
24139
256364
2015
30817
84658
2016
2018
2019
2020
8909
2022
64772
2027
55556
10495
2028
5167
953
954
956
9583
957
10824
2035
2036
23136
64097
54566
57669
2038
2039
2041
2042
2043
2044
2045
2047
2048
2049
2050
2051
2053
79852
7957
29924
22905
55040
2056
2057
83481
58513
54869
64787
79574
8288
1833
51752
2064
2065
2066
23085
26059
2068
2072
2078
51614
157697
114625
2081
10595
56605
11082
9700
83715
2099
2100
54845
80004
2101
2103
2104
55224
2113
2117
2118
2120
51513
2121
7813
2125
2128
2130
55218
23233
23265
9941
51013
23404
23086
2134
2137
2138
2139
2140
2145
7430
2159
2160
50848
2161
2162
2165
2147
2151
9002
2153
2155
2158
79152
2166
2168
2169
2170
2167
2172
2173
9415
11124
23017
9214
54491
80039
11170
90362
414918
55007
23196
54954
79843
89853
80097
9715
57579
220965
25854
317662
285596
27112
64760
26355
148753
26049
400451
284800
728882
121006
23359
9413
51313
29064
63895
60343
54855
55578
81553
51571
26240
9679
54827
57795
339479
55793
54629
79567
9750
100132923
199870
54854
196483
55138
2175
10160
9855
10667
356
2194
22868
2196
2192
2199
10516
2203
8789
80028
25827
55336
26232
23014
26261
79791
26272
51725
150726
54455
26226
2204
2205
2207
2208
8857
2209
2210
2212
2213
9103
2215
2217
23149
9873
2219
2220
8547
79368
2235
10116
80307
2242
26998
54738
9638
9637
55079
2867
2865
2243
2244
221472
55785
2257
2259
8823
8822
8817
26281
26291
27006
8074
2248
2249
2250
2251
2252
2253
2254
9982
2260
11116
2263
2261
2264
2266
2267
10875
2268
2271
2273
2275
9457
2277
2289
8468
23770
79147
201163
2312
2313
100288594
55056
55096
54508
55338
79904
79667
79857
FLJ14100
80094
55025
79860
80164
386627
645784
645644
10211
23769
23767
2321
2322
2323
2324
752
2326
2327
2328
2330
388714
2331
2335
64122
64838
54752
2346
219595
2348
2350
2352
2353
2354
2355
3169
3170
27023
2303
2306
27022
2304
2301
2294
2295
2290
8928
2299
2302
2300
668
8456
3344
1112
2308
4303
50943
80020
2357
2358
2359
80144
10023
2444
79981
55691
23150
83786
22844
9758
10817
10129
2487
25794
29999
79187
2488
2492
10468
10272
23105
10841
8880
5045
2523
2524
2525
2526
2527
2528
2529
10690
9513
5348
486
5349
53826
53822
2533
8321
11211
7976
8322
7855
8324
8325
8326
51343
50486
2538
57818
2548
2549
9846
23766
2550
9568
2554
2555
2556
2557
2558
2559
2560
2561
2562
2563
2564
2566
2568
55879
2569
2570
2572
4616
10912
90480
2543
2575
51083
9514
79690
2581
79623
2591
11226
26290
2587
8811
8484
8139
2596
26330
84253
2618
2619
2620
10634
2621
8522
2520
2623
2624
2625
2626
2628
57733
2636
2637
2638
23464
2641
2642
2645
2646
8521
9247
10985
2651
9245
51301
78997
2662
10220
2658
9573
2661
2668
54857
79153
81544
79760
2670
2671
2672
8328
85476
81577
2674
2675
2676
64096
26088
23163
2687
91227
2688
2689
2691
2692
2693
2694
55303
55340
474344
2695
54810
2696
28964
9815
2700
2701
2702
2703
81025
2705
2707
127534
2709
57165
57369
2710
2712
2713
56287
89944
2731
2733
2734
2735
2736
2737
2740
9340
2741
2742
8001
10539
2744
27165
83468
51228
29998
2747
2752
10249
84656
2760
2762
10691
9535
51291
2765
2766
2767
9630
2769
2774
2775
2776
2778
2779
2780
346562
2781
2784
51764
2785
2786
2788
2792
54552
80060
10578
27232
79158
2796
2797
2798
2801
55592
2803
342096
23015
440270
27333
54856
9570
2811
2812
2813
2814
51206
2815
10223
54865
23131
2817
2719
2239
2262
2819
2820
2852
2822
2823
2824
57720
8843
266977
221395
2835
25960
57211
29933
64582
56834
4935
347088
2838
387509
80045
23432
27239
2840
29909
55065
54328
2841
11318
1880
2843
2844
2845
2848
2850
2827
2853
2854
2859
2861
9283
2828
11251
11250
9248
9293
9289
2830
81491
10149
8477
8111
10936
27202
53836
54112
222487
84059
9737
51704
55890
55507
9721
63940
2875
2877
2878
2880
2882
57476
54762
23151
10750
9402
2887
2886
9687
80000
64388
79977
2890
2891
2892
2893
2895
2897
2898
2899
2900
2901
2902
2903
2904
2905
2906
23426
80852
6011
2868
2869
2870
2909
2911
2912
2913
2914
2915
2916
2917
2918
2922
2925
79927
2926
79774
2928
55876
83445
2931
2938
2940
79807
2947
2949
2953
25774
79712
2957
653238
9567
85865
2978
2979
2980
2981
2977
2982
2974
2984
3000
2986
2987
51454
653188
387751
8908
2993
2994
2995
2996
2998
3001
3002
2999
3003
3004
55766
3014
55506
9563
23498
55547
3026
22927
3034
57817
9421
9464
54363
51179
9001
1404
60484
3036
3037
23354
26762
3043
3044
100187828
3046
1839
3049
10767
3050
3054
54985
352961
80867
80868
10255
3055
3059
610
10021
10866
387535
3060
3061
3062
79885
10014
10013
51564
3067
50810
81932
3069
23072
51409
9843
283755
8916
26091
3280
54626
8820
3073
10614
23462
23493
26508
3077
100128124
3081
3082
3083
55733
3087
10086
11148
3090
23119
64344
51751
25988
3092
28996
10114
3024
3009
3007
3008
3010
8335
8969
8329
8331
8330
8336
3018
8339
8970
8340
8342
8341
8348
8350
8352
8353
8355
8357
8354
8356
8359
8366
8360
8367
8361
8369
8365
8363
8368
8337
8290
3097
59269
3099
3101
80201
3111
3112
3117
3119
3120
3122
3126
3128
3134
3141
3131
3142
79618
10362
3158
79366
23526
57824
3163
51617
3166
90861
6927
6928
3172
3174
3176
3178
10151
3184
3187
4670
3192
221092
9987
9454
51361
29911
3206
3207
3199
3200
3201
3203
3204
3205
3211
10481
3213
3215
3216
3217
3218
3219
3226
3227
3229
3222
3224
3231
3236
3238
3239
3232
3235
3240
3208
51440
3242
3248
27306
3249
3250
3257
89781
10855
60495
3263
55806
27251
54979
3270
3273
3274
11255
59340
8739
9957
9956
9953
9394
3290
3291
3292
51171
3294
3293
8630
7923
3283
3284
11077
3299
7184
259217
3305
3310
51668
3316
8988
126393
27129
29075
29094
3339
10553
3346
3347
3350
3351
3352
3354
3355
3357
3358
3359
9177
3360
3361
3362
3363
93164
3064
30811
10075
3373
8372
23553
54768
81888
57061
3375
3381
25998
3382
3383
3384
3386
7087
23463
29851
23308
84099
3400
3418
3421
3620
3423
3425
3429
10561
2537
64135
3434
3433
24138
8519
3439
3446
3448
3449
3451
3440
3452
3441
3442
3443
3444
3445
3456
3458
3467
55764
9742
11020
3479
3480
51214
10643
3483
3485
3487
3488
3490
3492
3493
3495
3500
3507
3508
3512
3514
28299
28902
28912
28908
3535
28831
3543
91353
28823
28797
28785
28778
3547
3321
10261
22997
3549
8518
9641
8517
10320
22807
22806
64375
3586
3587
3589
3593
3594
3595
3596
3601
3603
3605
27190
23765
55540
84818
3606
10068
8809
8807
29949
3552
27179
27178
56300
7850
3556
11141
26280
9173
8808
3557
3558
53832
59067
50615
50616
58985
51561
11009
64806
55801
9466
3559
3560
3561
3562
9235
90865
3563
3565
3566
3567
3568
3570
3578
3581
10994
3617
50939
9118
10207
3619
8552
64423
3621
3622
51147
3623
3624
3625
3626
83729
83444
54891
3631
3633
3635
27124
3630
3640
3641
10022
11172
3642
3643
3645
26173
65123
27130
26034
55705
79781
9657
55721
64799
124152
10788
9922
23096
440073
11213
26145
3662
3663
3664
3665
3394
56269
126298
8471
50805
3669
81875
3670
3671
51477
55846
3674
3676
3655
8516
3680
3683
3684
3687
3688
26548
27231
3689
3690
3691
3693
3694
3695
3696
3697
3698
3699
3700
80760
9452
3705
3706
3707
3709
3710
6453
50618
3712
3713
182
3714
3718
3720
80853
65094
79831
23210
57158
57338
8629
3727
3728
3730
8997
23189
25959
256949
10524
23254
81621
10324
9920
3736
3744
3737
3738
3739
3741
3742
7881
8514
9196
3745
9312
3746
3747
3748
3749
3750
3751
3752
3753
23630
9992
3754
3755
26251
3756
3757
23415
81033
30820
30819
3758
3766
3768
3769
3770
3772
3773
3759
3760
3761
3762
3763
3764
3765
3775
54207
56660
56659
60598
3776
3777
8645
10089
3778
3779
10242
27094
27345
3780
3781
3782
3784
55539
3785
9132
3787
27012
169522
253980
65987
79047
79734
23510
22992
51780
23030
23081
55693
10765
8284
23135
2531
3792
11081
100129128
10657
202559
3795
23351
8570
9674
9808
23065
9834
9812
9798
23199
9772
23506
283638
9856
79932
9692
9729
9811
23334
57235
57212
57242
9764
23247
100132341
9840
9851
643314
23383
23053
22832
23251
23349
23285
84162
55683
57535
57608
57612
57613
57707
57710
85368
85373
85375
85459
85452
54914
57805
57498
63971
57576
547
10749
23046
347240
3834
55083
3796
3798
3800
3833
3801
3802
3803
3804
3805
57292
3806
100132285
3808
3809
3810
3811
115653
3813
90011
55243
3814
3815
9365
10661
8462
11278
51621
28999
51274
9314
1316
11279
687
55220
57626
55175
23276
27252
84861
151230
54800
64410
54813
114818
283212
56062
55958
3816
5655
11012
43849
26085
43847
55554
3817
354
25818
5653
5650
11202
3818
10748
3820
8302
3824
51348
10219
22914
8564
3827
3845
79412
889
3848
3859
3860
3861
3866
3868
3872
3875
3880
160313
3849
54474
25984
192666
3850
3881
3882
3883
3884
3886
8689
8688
8687
3851
3852
3853
3854
3855
9119
51350
3856
3887
3889
3890
3891
3892
90133
3857
81851
81850
85294
100132476
57830
3846
81870
8844
3897
54596
26013
3898
3902
3903
3904
3906
284217
3908
3909
3910
3911
3914
22798
3918
10319
3916
27074
7805
9215
23185
51574
79603
7462
9113
54900
81606
3929
10660
3931
26239
3932
9836
3933
3934
3936
3937
3938
8861
9079
11155
92483
3948
3949
23641
11061
3950
51176
10637
7044
55891
3952
3953
55214
3955
29124
56891
3957
3960
3965
9211
55203
8549
51557
3972
3973
64077
3975
9355
8022
64211
3978
3980
11024
11027
11026
23547
353514
79168
10859
10288
11025
11006
10990
79166
3982
22998
8994
80774
54923
3984
3985
55679
79727
8825
64130
3990
3991
8513
9388
3996
3993
84298
79748
10960
29995
64788
91289
4000
4004
4005
55885
8543
4008
25802
22853
4010
100093698
100127972
100128640
100129250
LOC100129410
LOC100129500
100129503
100129648
LOC100129656
100129973
100130331
100130354
100130741
LOC100130955
100131298
100131510
100131532
100131613
100131825
100133321
LOC100134017
100134713
100240726
100272216
100272228
100286895
LOC100286937
LOC100287008
LOC100287025
LOC100287051
LOC100287076
LOC100287132
LOC100287204
LOC100287322
100287387
100287483
100287590
LOC100287600
LOC100287602
LOC100287659
LOC100287697
100287927
LOC100288007
LOC100288178
100288413
100288496
LOC100288551
LOC100288640
LOC100288679
LOC100288758
LOC100288765
LOC100288809
LOC100288941
LOC100288944
LOC100289042
LOC100289043
LOC100289053
LOC100289109
LOC100289563
LOC100290557
LOC100291367
LOC100291860
LOC100292534
LOC100293440
100293532
100293553
LOC100293559
100293679
LOC100293871
LOC100294102
100294391
145678
150759
157562
157627
1720
202181
LOC203510
220077
LOC222070
26102
282997
283079
284244
LOC286434
LOC29034
390998
392555
399491
399904
400084
440792
440895
441204
LOC441453
441601
51145
51152
55908
57399
644450
LOC645961
646934
647070
LOC647288
652147
652493
728142
LOC728361
LOC728683
729164
729799
729806
730101
730227
79999
80054
LOC90586
LOC90925
91316
92249
92973
29931
83752
4014
4017
84695
4018
80350
9170
23566
2846
10161
254531
22859
23284
4023
4025
54886
64748
79948
9227
23143
4034
55367
78999
26103
4033
4035
53353
4036
55805
4037
4041
91355
4040
55227
9684
55604
10234
64922
79442
81543
79782
2615
55282
374819
55073
147172
55631
10489
83450
123872
65999
284352
23507
9208
79705
10446
26045
80059
57408
4045
149986
25804
4046
7940
4049
4050
1241
56413
8425
4056
4057
4058
7798
338645
51213
8581
80740
58530
79136
4062
4065
9450
4063
4066
4067
27076
1130
10894
4069
57151
8216
11178
10586
8174
8567
4094
23764
7975
4099
4100
4109
4110
4111
4102
4103
4104
4105
4107
4112
4113
4114
4115
9947
51438
139081
54551
9223
9863
79917
548332
4117
4118
7851
55534
10905
57134
4129
4130
440738
5605
5606
5607
5608
5609
4214
4294
7786
9175
4215
4217
4293
4134
11184
5871
79929
9053
79649
5600
5603
1432
5596
5598
5599
9479
23542
23162
9261
23005
10982
22924
4137
55016
10299
8685
2011
57787
4141
4142
5648
10747
22983
23139
23031
375449
4143
4145
4146
4148
8785
4150
4151
4152
8932
8512
4153
4154
55796
79143
4155
54799
4157
4158
4159
4160
4161
4162
4168
23263
23101
90411
2847
8888
55283
79648
9656
4188
4192
4193
4194
4199
10873
2122
4204
5469
9968
23389
9282
10025
54797
81857
9442
80306
10001
4208
4209
4210
55384
1953
1954
1955
4222
4223
4224
4225
56955
10461
399818
55798
56339
25840
399664
9848
8076
4241
4242
79157
84179
8972
4247
4248
11320
25834
4249
84786
84796
84789
51237
254896
81854
79160
79150
79015
79024
10724
4255
4256
4258
8190
117153
9645
79778
4281
11043
54531
60672
50488
54468
4284
4285
693207
57591
23609
7681
54903
2315
23209
4297
8085
9757
4298
8028
4300
4301
4295
2862
6945
22877
51085
23417
4319
4320
4322
4323
4324
4325
4326
4327
9313
10893
64386
56547
64066
79148
4316
4317
22915
79812
4330
4332
3110
79817
4336
4337
4340
80168
23041
27136
79906
4342
64757
54996
8777
4352
4353
4356
65258
758
744
4357
4359
9019
10205
3140
22808
9902
4361
79922
55052
64975
122704
64963
6183
57380
931
54860
2206
932
51338
64232
64231
4438
2956
4440
10943
10232
4477
4481
4485
11223
4486
2660
4488
4495
4504
84560
9219
4507
4515
22823
4524
9633
4534
8776
54893
8897
9108
55613
4543
4544
2475
54516
9788
92154
4547
57509
23281
4582
56667
94025
4583
57876
4585
4586
727897
4588
4589
4590
4593
4599
4600
4084
83463
10608
25878
54587
4602
4604
4606
4607
4608
4610
4613
10408
80177
50804
4617
4618
4619
4628
4629
8735
79784
4620
4621
4622
4624
4625
57644
4626
4632
93408
4633
4634
4635
58498
29116
91807
29895
4651
51168
80022
23026
4640
4430
4642
4542
53904
4644
55930
4646
4647
4648
4650
4653
4654
26509
4656
8736
9172
9499
58529
51778
91977
25924
84148
7994
4661
23040
7593
9683
90634
10443
23138
84779
10003
10004
4665
4666
342538
23148
65220
57051
4669
4671
79923
4674
4675
64428
10
24142
9027
51471
89795
23218
4681
79804
10230
83988
4684
4685
1463
29781
23154
654817
4688
4689
8440
3071
51517
56926
8648
10499
8202
9612
9437
9436
259197
80161
79854
55389
80862
55410
55451
401630
4692
27158
57447
65009
3340
8509
9348
64579
4695
56901
4698
4713
4703
10529
54550
23327
4739
4744
4747
4741
79661
4750
4745
4753
10763
4759
10825
9148
4760
4761
58158
63974
4762
63973
50674
4763
4771
23114
10725
4772
4775
4776
4778
9603
4781
4784
4791
4793
4794
4795
4796
4798
4799
4800
58157
25983
4803
4804
55768
4807
4808
4811
51199
4814
4815
22981
79815
57185
25836
55335
79570
4818
55922
4820
7080
4821
1482
26257
4824
579
4825
54475
54413
57502
22829
22861
55655
114548
79671
4829
4832
8382
9397
10316
4826
4837
10392
64127
79954
79159
8715
51491
4842
9722
4843
4846
4851
4853
4854
4855
4858
27035
50508
50507
79400
4861
4862
64067
4863
2832
257641
29881
56654
79716
8620
64106
4867
261734
4868
7827
23117
80896
4878
4879
4880
4881
4883
10641
8131
4884
4885
23467
64111
4852
4886
4887
4889
4888
8431
9971
8856
9970
7181
7101
10002
7025
7026
2063
3164
4929
8013
2516
2494
2649
4892
4897
4899
3084
9542
4900
83714
4901
8829
8828
80023
4902
9378
9379
9369
64324
155400
260294
221078
79730
30833
51559
56953
4908
4913
50863
9423
4917
4914
4915
4916
4922
4923
23620
10726
23386
55190
79873
11163
283927
4926
23279
23511
23225
8021
10762
53371
54830
4927
56001
56000
64359
11248
11247
57523
60506
4938
4939
4947
51686
29991
84033
23363
4948
10896
4950
4951
54959
4956
10178
26011
55753
11054
4968
4969
8473
55301
10439
10562
283298
169611
10215
4973
4958
4974
4975
3175
9480
4978
26873
611
4985
4986
4987
4988
442194
26539
26538
26532
26476
26531
26529
81797
8383
26189
4991
8387
4992
26184
8390
81697
26212
4993
26211
135948
26716
7932
26707
442186
56656
26692
4994
4995
8392
81285
23538
10798
8590
390892
26333
26659
26664
26658
26651
26648
26628
8586
5004
23762
114884
9885
114881
29948
734
5008
116039
5009
9381
56914
78990
23252
54726
56957
5016
5017
58495
64064
5020
5021
5023
22953
5024
5026
9127
5027
27334
5032
53829
9934
5029
5030
5031
8106
135138
55690
29763
29943
11240
23569
5047
5051
8712
9506
5053
10606
400961
5058
5062
5063
10298
56924
57144
5064
196743
10914
56903
64895
60676
79957
8123
56288
50855
84612
5071
25849
57097
25859
55742
29780
23178
23598
5074
5075
5076
5077
5078
5079
5081
7849
5083
59351
55193
5087
5089
57326
5091
5094
54039
5095
5097
27328
83259
51294
27253
5099
5100
5101
56139
56146
56145
56143
56142
9752
29930
56125
56124
56123
54661
56132
56130
56114
56106
56105
56112
9708
56107
56101
56100
5098
7703
5105
27445
5108
22990
80003
5118
542767
5121
27344
5126
5125
5046
9159
9468
11333
5132
5133
22984
5134
10016
10846
50940
201626
5136
5153
5137
5138
5139
5140
5141
5142
5143
5144
9659
8654
5145
5158
5146
5148
5149
27115
8622
5152
5154
5155
80310
5156
5159
5157
5161
64714
5164
5165
5166
27295
8572
10611
9260
5170
10630
55066
23047
3651
5173
23037
79849
79955
5174
10158
29951
5175
5178
57161
5179
5187
8864
8863
5192
8800
5195
9409
8504
51555
5190
5196
5197
5207
5208
5210
5224
80055
27315
93210
79605
5225
5228
5232
8993
57115
5239
283871
5241
221692
9749
1911
80012
5252
9678
23338
5253
51230
51105
23469
51533
23133
5256
5260
23187
23035
401
8929
9796
51050
5266
5298
9063
51588
8301
9463
5279
84720
9091
5284
80235
5287
5288
5289
5294
113791
30849
23533
29992
29990
5292
11040
5301
5303
5304
8395
51268
9600
83394
5307
5309
9271
55124
5310
9033
27039
10343
5313
5585
5586
5316
63876
5317
5318
11187
8502
51365
8399
5319
5320
26279
30814
64600
50487
8605
5322
8398
7941
22925
10761
191585
51316
79887
23236
5330
5331
5332
5333
51196
5336
23007
9651
5334
23228
5337
5338
5339
5341
26499
57664
22874
58473
26030
55200
79990
9842
80301
5340
5346
123
55857
1263
51090
5350
5354
57047
57048
51297
83483
57125
5361
5362
55558
5364
23654
5365
10154
23129
5367
5369
56937
83449
5371
5375
441263
5380
5387
5382
5406
5407
5408
10687
29944
55228
5409
5368
57104
8228
79883
5420
50512
79983
23509
23275
23126
84271
5428
5429
27343
27434
10721
5430
84820
5442
9883
94026
29774
5443
10585
29954
5444
5446
64091
10631
5449
5450
5451
5452
25833
5453
5454
5455
5456
5457
5458
5459
5462
642559
645682
5463
11281
100130449
5465
5467
10891
5473
10895
5475
5470
8500
8499
8541
8497
8495
5478
164022
728448
23759
285755
9677
5493
22843
57460
4660
23368
10848
54866
26051
5502
80316
5506
5509
55607
5519
5521
55844
28227
5525
5526
57718
5536
9374
5539
23614
5540
10084
54896
130814
23532
343071
440560
390999
5542
5544
5545
639
56980
56981
59335
59336
63978
63976
7799
11107
56978
56979
7001
5549
80243
5551
5553
10394
23572
4007
5558
5562
5563
5566
5568
51422
5575
5578
5579
5580
5581
5582
5588
5590
5587
25865
5591
5592
5593
5613
5616
5617
51052
5618
5619
5620
3275
56341
23627
29018
55478
55415
5624
5625
58510
58503
8842
5626
11212
5629
8858
8559
26121
5630
5961
221823
79170
80742
55615
5639
79057
79056
51450
5644
8492
10279
5645
10942
64063
29122
339105
5652
5657
58497
57716
9081
5662
23550
5669
5680
5670
5671
5672
5673
5675
5676
5678
5689
29893
5710
5711
170679
170680
5623
9051
9050
5724
5727
8643
171558
5728
5729
5730
5731
5733
5734
5737
5739
5740
5742
5741
5745
5746
2185
5753
5754
5763
5764
11156
5770
5782
26469
11099
26191
5777
5778
5787
5788
5790
5792
5794
5795
5800
5802
11122
10076
5803
10744
5813
29942
5816
5817
79037
5818
5819
5820
7837
5829
29108
65263
5837
26108
149628
5697
23615
5858
9762
9444
54814
23475
81890
23518
80223
9727
376267
64284
57111
25837
27314
23682
5864
9545
25782
5866
142684
282808
10966
57799
5870
51560
7879
9366
79874
23637
9910
5881
642636
5887
5888
5890
5893
25788
23132
8480
5896
5897
10743
10742
253959
5900
9649
55103
138046
10266
10268
5902
57610
64901
8498
5909
23108
5911
5912
2889
9693
10411
11069
9771
51195
5913
5914
5915
5916
5918
5919
5917
57038
22821
8437
9462
5923
10125
10235
25780
54922
10633
65997
51285
11186
9770
83937
8045
9182
55225
30062
5925
5928
10741
389677
10432
84991
9904
64062
23029
55544
10181
9939
23543
5939
27303
27288
159162
5947
5949
5950
11317
11030
1827
10231
11123
9986
57333
5957
8608
50700
9985
8434
9401
9400
65055
51308
5967
5968
5969
5068
5966
5971
5649
28954
5972
5973
85021
9185
473
79785
5978
5979
56729
5981
5982
5988
10740
10739
10738
10737
5989
5990
5994
9104
5995
5996
6001
8786
6002
6003
10636
6004
5998
5999
8490
9628
6000
8787
353299
6005
9028
57127
6006
51458
6007
6009
6010
23221
29984
54509
399
89941
26150
79608
9912
55183
23504
22999
9699
9783
79890
54101
6014
6017
6013
6019
64795
6035
6036
6037
6039
79621
6041
27289
8153
79845
54941
376412
55819
56163
91445
54546
25897
127544
727800
140545
80352
9810
54894
6048
6049
9025
51136
84900
8732
55328
54538
79641
152015
4919
4920
6096
6097
6098
29935
84268
6121
57096
22895
9501
6134
6137
283345
9045
6141
644128
6165
6123
6125
6129
6181
54913
23248
56475
6205
6208
6234
80052
6192
6194
9252
27330
9125
6238
6239
10692
730092
8568
23223
23076
23378
6247
91543
81492
6251
8634
27156
51750
6253
64108
55680
22902
440352
10900
154661
861
862
860
864
9853
51289
6257
6258
6261
6262
6263
6271
6283
6284
57402
6276
6278
6279
6280
6285
795
6286
1901
9294
8698
53637
6290
6291
6294
9667
6295
55511
6297
201191
23034
55095
64092
8819
9701
1757
23098
54938
54440
23314
6305
55206
22904
6309
192683
54581
49855
949
950
8578
79966
8796
7857
29106
7356
10648
10647
4246
4250
10590
85477
51540
11280
6323
6324
6326
6327
6328
55800
6329
6331
6332
6334
6335
6337
6338
6339
6340
11341
83482
6343
6344
57758
222663
9672
6390
6392
54549
8436
10993
266629
284904
9717
9871
25956
6398
6400
6401
8991
6402
6403
6404
7869
223117
9723
6405
56920
64218
54910
10507
57715
9037
57556
10501
10500
80031
8482
6406
6407
26168
205564
26054
6414
5414
23157
10801
51734
26297
253190
5265
51156
390502
12
5267
5104
866
6906
5273
5275
6317
6318
5268
5272
462
5176
5345
710
5276
9739
54093
9869
23544
7536
8175
57794
9814
2810
6422
6424
6425
6426
10147
57466
8227
25957
6430
6432
729238
6439
6440
6441
6442
6444
26084
10110
79834
8879
6448
9905
4068
9047
10045
10044
23616
6452
6456
6457
9644
54436
79628
50944
22941
81858
6462
53358
6469
6470
6473
6474
23729
6476
54847
51092
6614
8778
946
27036
27181
27180
150094
23235
23387
6490
6492
6493
23309
26037
23094
140885
10326
55423
23410
23409
23408
27240
6495
10736
6496
147912
4990
8631
6497
6498
6499
6502
6503
6504
57823
56833
6554
6555
6556
4891
6557
6559
6560
57468
9990
10723
6561
9058
64849
26266
6563
8170
6564
6565
51296
117247
9123
9122
9121
9120
23539
6568
10246
10786
10050
26503
57084
57030
63910
6570
6572
6573
80704
6506
6509
6511
6512
6575
6580
55867
9390
9389
51310
5003
6582
6581
6584
9356
10864
9376
9962
9187
25769
57419
80024
1468
8034
10478
89874
79085
81894
253512
83447
291
284439
10861
65012
1811
65010
11001
10998
28965
9154
9153
64078
2030
3177
55315
6513
81031
66035
6514
6517
6518
11182
56606
55532
7781
7782
64924
6569
10568
79939
9906
54020
2542
124565
10991
55089
55238
29986
64116
55334
6519
8501
23446
80736
51151
283537
55244
55652
6521
57282
6508
8671
57835
9497
6523
159963
6524
6527
6528
8884
60482
6529
6538
6539
6540
11254
28968
6530
54716
6531
6532
9152
6533
6534
6535
6536
6541
56301
23657
6542
6545
8140
9056
23428
11136
6546
6543
6548
6549
6550
9351
6553
84679
6579
10599
28234
53919
6578
11309
28232
28231
353189
81796
6585
6586
22865
10650
6588
6590
57152
4086
4088
9597
4091
4093
6594
6595
6597
6599
6601
8243
10051
4184
55671
23049
23381
23293
9887
6608
54498
6609
6610
55512
27293
23676
26952
10879
57154
56950
6615
9892
6621
10302
9627
6620
6623
25992
8303
619505
54861
23020
6625
6638
6641
6645
54212
54221
22938
6642
29887
23161
92017
8435
55084
8651
8835
9021
30837
6648
6649
54937
10580
8470
22986
6653
6272
6654
6655
25928
6656
6663
6664
6666
9580
8403
6665
64321
54345
6657
11166
6658
11063
6659
6660
6667
6672
11262
6668
160824
6671
81833
653423
10407
9576
26206
6677
64663
8404
64173
124044
79029
25803
25876
56848
6688
6689
54466
6690
6691
27290
11005
57119
6692
10653
10816
6693
23626
9806
50859
10418
10417
6694
56928
6698
6699
6701
6702
6707
10252
81848
90864
6708
6709
6710
6711
6712
57731
51332
9517
55304
8878
6714
10847
6716
6721
6722
9901
6731
6733
26576
27286
23524
51593
6736
6742
54961
8082
6750
6751
6752
6753
6754
6755
6756
10214
6758
280658
6768
400410
6483
6484
10402
6480
10610
81849
54879
6489
8128
51046
7903
29906
23166
55576
10734
54441
64940
57559
26228
55620
6770
10948
6773
6775
6776
6777
6778
6779
79689
6793
6794
8859
8428
55351
11329
11075
50861
81551
2040
11037
64220
92335
29966
412
8676
2054
10228
6813
9515
29091
55359
23213
6817
6799
27284
6819
6783
6822
6820
25830
23353
6830
9913
6834
55061
26032
440423
9899
22987
79987
6840
23075
100130958
6847
10388
85360
6850
8189
6853
6854
8224
23345
9145
9143
23546
8871
23336
79933
11276
6855
6857
91683
57586
51760
127833
6861
54843
6862
9287
9288
9038
10454
6863
6866
6867
6869
6865
6870
4070
6871
10474
6872
9013
6874
6875
6877
10629
54457
51616
6876
29114
6886
26115
57551
9344
6891
6892
55080
202018
445347
50834
50839
50838
50840
50833
50831
50832
50837
50836
50835
6898
6901
23216
54662
25771
55633
26083
23102
23329
11138
23158
23061
6904
9755
6907
90665
26608
10716
6899
347853
9095
6909
30009
6926
9496
6910
6911
6915
6916
8557
140597
6923
51224
6938
6939
6943
22980
6929
6925
6932
83439
6934
7062
8115
9623
27004
6947
6948
6953
140290
6954
55346
79867
6996
56165
91646
81550
11022
100124696
9895
7007
7008
7010
27285
9894
7011
7015
26136
54997
10420
200424
56159
56158
56157
56156
56155
56154
1527
7018
7020
7021
7022
7023
29842
7029
51270
7942
22797
7031
7032
7033
24144
7036
7038
7039
7040
7042
9392
60436
7051
7052
7053
7047
9333
7054
90326
79725
7056
7057
7060
51298
55258
8563
79228
7066
7067
9967
7068
79875
221981
79178
7070
7073
7074
26230
7075
414771
8914
10440
92609
1678
7077
7078
64129
93643
27134
7084
8277
7088
7089
7090
7091
79816
11011
7092
7093
83660
7097
7099
7100
51284
51311
3195
3196
30012
83941
4071
79853
7104
9032
53346
53345
7108
81501
79838
11322
9911
55374
54868
375346
55831
80757
55281
55260
55314
441151
80008
54929
55365
28959
79847
55266
23670
79652
55248
389177
161291
55287
25789
9725
51754
7110
55217
7111
29767
9407
28983
7113
64699
56649
80975
164656
9087
56255
7124
7126
7127
8794
8792
4982
23495
608
8718
7293
943
8743
8600
8742
8740
9966
8995
7292
944
79155
79931
8711
10188
8658
64102
63923
7134
7125
7135
7136
7137
51086
7139
7140
7141
7142
30000
7143
7145
84951
7148
10766
146691
7156
8940
9760
27324
63970
9537
27296
8626
7161
7163
7164
7166
7169
7170
7173
1200
11076
51673
7177
64499
23430
25823
7179
29896
6955
80305
28755
8717
7185
7186
26146
80342
9618
7188
7189
10293
22906
9881
7109
83696
50852
28683
28639
28584
6964
10345
11181
54210
54209
79865
11277
11219
6978
7200
29953
7201
9865
10107
9830
89870
51127
23321
7706
23650
10612
11074
51592
80263
80128
79097
57093
25893
55223
9866
7204
9321
7205
55621
27037
115708
7216
6738
8989
7221
7222
7223
7224
7225
57113
4308
7226
80036
54795
140803
79054
7442
59341
56302
55503
7249
9819
1831
81628
80705
95681
7252
7253
128553
60385
25987
55815
10103
81619
23555
10100
10077
7102
7103
10867
222642
7258
64061
85453
83942
23617
7263
54970
118491
79809
55001
55020
22996
23508
26140
9654
23093
79739
7273
7274
7276
64595
60439
57348
7275
80086
51807
79861
81027
347733
10382
56604
643224
10844
7287
7288
7991
64852
7294
55787
51314
10907
10587
114112
1890
7298
7299
7301
7305
7306
11338
55236
7318
9898
53347
7321
7329
389898
63893
7337
29855
22888
50613
56893
23304
23352
51035
7349
7350
7351
7352
79799
7366
7367
54490
7363
23074
80328
8408
9706
54986
7369
7372
9094
23025
219699
8633
54346
81622
64718
51733
5976
65110
11045
7348
7379
7380
80761
9875
9816
55665
7389
7392
10083
7399
219333
11274
9099
10868
23326
389856
57663
9736
64854
54532
9098
7874
8287
10090
8433
10813
51096
10911
7404
55697
6843
6844
10791
8673
7407
22846
79805
7409
7410
25806
7412
7414
80124
51480
7419
7421
27287
139538
55591
7425
51442
7428
7429
50853
7432
7433
7434
57191
8876
8875
55350
9730
7441
29802
55823
23230
157680
54832
55187
64601
65082
11311
55275
11326
7447
30813
79679
7448
64856
4013
7450
23063
7454
8976
23001
9948
64743
10785
55779
54853
79726
80349
79819
23038
7465
58189
10406
90199
54904
11197
8840
8839
8838
51352
58525
65125
7471
7480
7481
51384
7472
7482
7473
54361
81029
7475
7476
7479
55135
56897
26118
23302
9671
7490
23286
11060
56949
54739
6375
2829
7498
331
7503
7511
7512
7518
2547
9942
51087
7525
90522
78992
84272
56252
55432
29799
80122
7528
7535
79740
79413
9889
81030
22890
65986
7704
7709
26137
9278
27033
10009
9880
9923
29068
3104
51341
51043
201501
23091
23264
56829
23318
23174
29063
55063
79683
23390
150244
10444
7763
54469
85446
463
80108
22835
7538
677
678
55734
7542
23414
23217
7543
7544
653808
23051
7547
84107
23619
7586
80317
387032
79698
83637
7750
51364
23613
7556
51427
51351
7691
7694
7696
7561
7699
7700
7701
7710
7711
7712
7718
55888
7727
7739
10168
7753
7754
7755
7757
7761
7762
51222
7638
7766
7767
10780
9310
7776
10472
8187
57209
58500
56242
9534
113835
442240
92822
11179
129025
140883
8427
57335
57336
7551
7580
64288
25799
79673
55422
55713
63925
26152
79175
25850
59348
6940
140467
149076
100129482
171017
346157
55893
55628
79797
7592
55786
79744
23090
79088
126299
7594
54925
51710
126070
79973
10224
55311
55663
10794
168544
90333
57573
25888
83744
57615
284443
26048
440515
22847
57473
9658
9849
84436
57711
9745
27300
256051
162972
90233
80032
51276
126231
54807
51385
80095
23060
79898
80110
51193
9726
79788
63934
79862
79891
641339
171392
91120
146542
57116
79943
55762
79986
374655
7552
7625
65988
388567
79755
7626
7629
54989
51333
197320
163131
100289678
7633
7554
7634
347344
126017
730051
125893
55565
55769
90485
55778
7639
643641
7644
81931
148066
7783
11055
7310
8233
9753
80345
65982
54993
90204
158586
79364
23140
