Negative
2
13
4363
63874
25
33
34
35
59272
197322
58
71
72
139741
174
183
10768
197
150209
10327
ENSG00000186831
414308
213
216
160428
230
221120
242
246
23600
23357
325
335
348
350
358
367
383
384
201176
393
51566
410
51130
140461
140462
9070
435
55054
8455
2583
283358
583
9564
604
633
23476
695
28969
55017
9605
124989
199675
712
114904
716
718
722
9315
79161
54586
759
760
761
767
85438
57863
793
794
157922
828
841
847
28952
9134
929
9332
4064
914
933
919
23607
10871
948
952
915
960
921
999
1012
1013
1001
54825
53841
1041
634
1084
1048
4680
1056
201161
9350
64781
629
1675
3075
3426
1113
1152
1364
50856
339390
1191
1264
1267
1359
1363
1373
92359
1398
1410
1475
64693
1512
1528
1559
1580
1581
1602
1638
1671
55667
1674
1736
1742
11144
1756
1800
1807
1824
1892
5610
1999
2006
129080
11117
2022
5169
2033
2035
2064
2099
51513
2145
2161
2162
2165
2168
2167
219287
79567
2091
2192
2199
10516
2200
2203
2208
8857
2213
2217
2219
2244
2273
2328
2346
2308
53828
168391
2596
2638
257144
2670
55303
2717
2752
2778
10223
10243
2877
2891
2947
2953
653689
8908
2993
3002
1404
3039
3040
29915
3059
51564
3098
3112
3123
6928
84072
150280
3248
3274
3315
3383
8519
112752
3484
93185
22806
3606
3557
90865
9118
84289
ENSG00000254647
3662
3394
83986
3655
3684
3687
3689
142683
282973
100137047
100137049
56704
3728
3762
7403
23351
ENSG00000248857
350383
3815
113730
3817
354
3827
3858
3860
3861
3866
3872
ENSG00000131885
3875
3880
54474
3851
3852
3855
3856
7462
150082
3932
3934
3936
3963
653499
3973
116844
55791
4033
164312
ENSG00000254087
4069
4112
79694
4133
5648
4151
55796
161357
4199
4232
56339
4237
8076
4240
4281
4318
4360
931
4481
80298
4582
56667
4583
4585
ENSG00000215182
727897
4589
4619
4629
8735
4620
4622
4624
4625
4626
4646
54550
10763
4758
4774
64332
4804
114548
23530
83714
4950
4974
5009
23569
8712
5069
139135
5087
27250
64065
161779
5241
5260
94005
11040
5304
5327
9651
5340
5354
9240
5446
5501
94274
3275
5621
8842
112476
400668
5657
9491
5730
7803
11156
5777
5788
5697
5865
5920
10741
5950
5973
9185
117584
84528
727940
6035
6036
ENSG00000214279
51237
57481
6102
ENSG00000250424
ENSG00000250349
6275
6278
338324
6279
6280
6285
57167
54440
6447
10590
6344
6382
8991
6403
55752
5413
23157
23176
5265
12
5267
1992
462
5176
871
2810
23616
6506
10998
85414
8884
28234
6590
27127
6616
9892
6623
132203
114815
6664
6693
6710
6711
80725
6736
54961
6480
6776
6779
6788
2040
6804
6819
25830
6850
23224
6855
6865
6880
6876
8407
26608
6948
83639
113419
7018
7020
7031
7038
7040
7056
84321
7070
121256
5651
80975
115650
7140
7157
8626
7173
7177
340205
90933
493829
7102
388951
7263
7267
7276
10383
1890
7306
7334
139596
7404
1462
7429
81552
55275
645832
7450
80349
10897
7535
7704
389874
54503
7545
7739
23361
65988
92595
