Strong
53947
22848
14
10157
26574
4363
6059
23
10061
25
146779
ENSG00000233913
10653
ENSG00000215492
ENSG00000197065
ENSG00000228782
ENSG00000250907
ENSG00000206100
ENSG00000227202
ENSG00000178404
ENSG00000249714
4035
34
35
38
91452
84320
84680
43
22985
48
50
23597
51
52
93953
60
86
87
88
81
100
6868
11086
113451
158
159
134265
27125
10939
174
116986
3268
196
57491
10598
7965
26289
8165
11214
10270
10327
231
207
ENSG00000250096
ENSG00000250083
ENSG00000236575
214
219
224
239
249
273
51529
284
285
51378
54467
29123
91074
8125
301
302
307
ENSG00000215575
79827
11041
328
79135
374
727738
84364
58504
57636
83478
396
9138
9826
9181
7984
8289
10865
84159
151188
79637
10109
57412
440
443
54829
79058
29028
1386
55729
10533
471
472
490
506
535
51606
538
540
5205
91647
546
550
57099
146712
570
572
9529
10458
55971
56751
7917
7918
581
11177
10134
9774
23299
329
29760
8548
664
665
669
676
55290
390259
10384
9184
8896
55088
79081
55004
80763
55172
283870
124783
124944
80233
55028
23587
56913
55765
55732
164127
26097
57136
51493
51233
10826
79624
116254
79783
113763
115416
136263
222950
80185
414328
392307
79095
375791
85026
257169
51759
58493
203197
158067
377677
790
10241
800
51063
119395
805
811
813
57118
57172
157922
124583
821
10487
826
79092
8573
839
841
57091
857
868
874
10951
11335
8535
23468
54862
55749
883
56267
112942
147872
55246
84081
284001
8030
6347
83605
898
904
905
10576
7203
10694
977
80381
11314
960
966
967
976
991
996
23580
8318
988
157313
113130
55143
1000
60437
80279
1022
1025
6792
1039
30850
81620
27443
10658
401541
9702
57530
8208
9557
11200
1122
5119
92421
79643
25884
9435
1147
63924
10970
23155
1181
1366
9022
25932
7461
9575
146225
168975
10175
4850
1267
ENSG00000242689
116840
80347
23242
25920
9382
22796
7373
1291
1312
9318
10987
51200
1376
1385
83716
51755
1407
9946
1434
1460
80034
1478
1487
1488
1499
56259
1509
1519
8450
1523
203413
80777
1727
79901
1545
9265
92521
1601
7818
1615
1616
26528
28988
10238
131566
1635
51181
1643
23259
11218
29118
11325
51202
1655
1666
7913
91614
79139
1676
1687
1725
9249
79132
1660
56616
1736
1740
1749
9988
3301
51726
25822
85406
27000
120526
54943
7266
1776
1786
1788
1789
1796
5977
29952
10589
1819
51514
84062
64118
11221
51207
1780
1859
9166
10969
1892
1909
1938
79645
1944
23167
9343
1956
54583
3646
8667
8668
9775
1978
56478
1982
60528
79767
55250
2010
146956
ENSG00000186629
2021
2022
9583
2037
2039
2053
2056
26284
23085
2067
57222
2079
10613
11160
54845
23344
2108
2109
2117
2121
23265
9941
23404
2139
2146
2173
90362
23196
64855
162427
51101
401565
23172
9130
113115
55177
283742
2189
2194
26271
2237
2241
2264
2271
2272
2273
2274
11153
2287
80308
2314
2316
2317
114793
2335
163479
2355
221937
3607
2308
27086
143162
6624
8880
170384
2530
8323
10146
9908
2553
2568
2580
2582
2589
55568
2590
11227
26290
2597
10634
2624
54815
2629
79571
2730
10985
2676
2686
55340
168537
155038
2697
2705
2734
51031
51022
10539
83468
84656
26205
29925
10672
59345
29889
2799
2801
2804
27333
57120
137362
55105
2821
27238
114928
51704
29899
54762
9380
2891
2896
134266
284110
56169
2931
2932
373156
2950
2961
2962
2963
2965
2969
85865
8971
3014
3015
3020
54801
10542
3065
3066
23072
55363
64224
284004
10614
124790
64399
11112
3092
28996
8335
8366
440689
8290
3098
3145
10363
8091
3146
3148
3150
3162
3178
3181
220988
3183
3184
3185
3187
3188
3190
3191
4670
10236
3192
3203
3213
27306
150274
3295
3297
7184
6782
3306
3308
3313
3329
3336
10553
3358
94031
10075
25998
3418
8519
10642
9641
8809
3557
163702
3563
3568
3608
3609
80895
10989
54928
3615
9118
3622
3632
51135
57461
83737
81533
3679
3688
3704
23210
3725
3742
3752
3762
9424
27094
83892
51133
22992
9933
9907
9813
9764
9851
57805
3832
113220
10749
23046
11004
9371
152831
122773
116138
27252
89857
346689
3838
84626
3866
192666
3857
3895
246269
3912
3915
3916
221496
55214
3954
3956
8549
51474
3993
64327
89782
4000
9361
23566
79888
84859
57497
4043
90506
57470
347731
90678
4048
51747
66004
11178
346389
8379
9935
4116
60560
1326
5594
5603
22919
162333
64844
4141
4149
53615
8930
129642
4173
4174
4175
4176
79648
9656
4191
4193
145553
51102
9968
9412
29079
4209
10988
79066
4234
28989
11343
84365
57496
2872
8079
4292
22877
4311
79258
4314
4317
4331
8777
4350
51678
23164
112609
4361
79922
6182
29074
51069
64978
64976
64975
84311
54534
128308
55173
56945
51649
10884
51081
58475
2956
124540
339287
4478
4482
253827
4486
4489
9219
92140
4522
25902
4580
4582
79594
139221
9961
50804
4627
93408
10627
4633
399687
80179
26509
9172
127294
112939
54187
8774
8202
10397
4731
64168
6787
4758
91624
4771
4775
4791
4792
4794
4801
25983
27018
579
4830
654364
23057
4836
25926
51406
4841
51602
4862
10577
55666
4869
4889
1728
2908
4306
441478
4905
55695
79730
30833
22978
4907
4915
81788
23386
4521
4926
8650
9972
348995
23636
4927
10482
56001
728343
55998
84033
4952
4967
55239
167826
5001
23762
51633
54995
9943
5033
5034
54681
5036
55229
10914
5073
84875
54625
23178
5078
55872
57575
54510
56131
56114
ENSG00000240184
ENSG00000242419
ENSG00000240764
5105
5108
5111
5833
5132
22984
10015
5082
79031
9659
8654
27115
2923
9601
5164
9124
10611
55825
5828
5201
5209
267002
5236
65979
11331
1911
ENSG00000179899
51131
84295
29085
5264
8554
8301
80119
10531
5315
63876
5320
51196
5336
23646
79156
10226
5371
23203
139728
11284
55228
5411
375775
50640
23126
5422
5424
11232
5429
11201
25885
64425
5430
5435
10622
51371
5445
340441
5464
5479
10450
9360
152926
5501
23368
84988
5519
5524
5530
5533
5538
10084
11230
5546
7799
10935
10549
25824
9588
10113
5591
5612
5613
5627
11212
27339
9129
9128
8899
10594
5660
29968
5664
11168
5686
5694
5700
5701
5702
5705
5707
5716
5718
10197
375743
26024
5727
5734
80142
5745
5747
5770
5781
5782
5801
9232
54517
5818
54899
90780
55278
169714
8766
80223
51552
5861
5874
11031
83871
5865
5870
51560
7879
9367
9135
5885
5890
5883
5891
55103
23108
5915
158158
5925
5934
10432
64783
55696
155435
9584
23543
51634
149041
1104
23186
7936
5962
5965
5970
768211
473
5978
5982
5984
5993
89941
6015
8767
7737
140432
55905
55819
25897
6045
56254
54894
4920
ENSG00000250588
ENSG00000251537
84451
100526740
6117
6118
6119
6134
140801
9045
6208
8986
9252
6199
64121
6238
6240
50484
51018
23076
222194
6248
51773
8634
6242
22902
146923
860
6257
6281
6277
6294
54809
219285
55291
56681
23314
51119
10066
950
6319
29970
85477
6327
6341
6342
55681
6386
10283
22872
7095
6400
26135
5273
5055
5268
9792
83667
9739
54093
10291
57794
6425
6426
9295
57466
6431
6440
94081
119559
151648
8879
6448
10019
152503
6455
51100
56904
6464
6472
80143
25942
57568
23411
23408
6502
7884
9123
6505
6574
63027
1468
8402
788
29957
115286
2030
3177
55334
254428
6529
6531
9368
162394
26050
4089
4093
64744
8467
56916
6598
6599
6601
6602
10051
140775
6607
64093
55234
8773
6623
9410
6626
6628
22938
401548
6646
6648
6651
83595
6672
6668
9552
6678
64847
9789
23013
8877
6711
8878
10847
6733
222183
6741
23635
54961
6747
6483
55808
6772
6774
27067
6794
3925
161003
11171
53407
9482
10923
27284
11198
6838
6840
10492
23336
91683
6867
51204
6872
6881
6877
6878
6876
10010
57551
23435
64786
9238
6909
6910
6934
55346
11022
7005
7014
54386
7037
7041
10618
96764
9984
10189
9967
26230
7083
7088
9874
7094
10959
222068
51014
100302736
54732
79073
11070
55260
55266
201931
23306
55151
29766
7112
8795
10673
23043
3842
84951
9804
56993
7150
116447
7153
7155
27348
7158
7159
9540
8626
7161
7168
7171
7174
8459
22974
7186
9618
7189
54209
10626
51592
23087
89122
90933
287015
85363
201292
9866
55128
ENSG00000100106
9321
57570
55006
7220
10194
10867
83538
7272
10376
7277
203068
7284
5756
7295
25828
51314
9352
11338
90025
7329
29089
148581
65264
29978
23304
7343
51035
51377
56886
23353
7374
85451
5976
55665
9100
9097
57646
84749
23032
124739
8078
7402
9218
9217
114990
7408
7411
7414
7415
7416
55591
7431
23230
51160
137492
55275
222008
7454
8936
8976
155368
11169
146845
348793
55112
124997
29062
494551
7468
7469
80326
7472
7485
25937
7504
114786
7514
57510
7515
7518
7520
2547
10138
8565
78992
7531
7532
7528
284273
65986
27107
57621
57684
403341
55854
51530
84186
55063
158866
64429
79752
7763
79776
80829
7542
51663
23051
100506144
116225
23613
7693
7694
7705
7727
7566
7745
7756
7775
10780
7574
8427
49854
7551
27309
171017
100101467
80345
100287841
197407
25925
163255
27300
84924
80110
342926
57592
55762
7626
58492
158431
54764
65982
7589
57643
Moderate
80755
4363
10061
11057
171586
10006
25
162972
100129335
ENSG00000233913
645545
10653
51776
55829
ENSG00000223722
ENSG00000250152
ENSG00000179821
ENSG00000186082
ENSG00000188699
ENSG00000248535
ENSG00000178404
3875
ENSG00000249714
ENSG00000226210
30
37
38
64746
91452
50
10005
51
197322
2181
2182
55902
10881
10880
88
140625
94
6868
103
113451
23394
157
158
10939
174
3267
55750
10555
55326
137964
10598
197
64853
7965
9049
203
10142
207
ENSG00000249037
5832
8659
7915
223
229
79868
29880
121642
239
249
8092
275
51529
285
51378
404734
ENSG00000249536
81573
118932
91074
301
311
312
307
309
8416
79827
8906
160
163
10307
23780
351
361
375
27236
383
392
396
9138
9826
8874
8289
25820
10550
83787
51566
405
10552
10109
10094
414
57412
140459
140460
84164
432
55870
8623
54829
445
1386
467
11016
55729
84938
10533
490
491
506
9114
540
6310
6790
567
148789
2683
572
8314
581
8424
10134
9564
604
8678
57596
633
637
274
332
641
29760
90427
662
664
665
149428
669
673
10902
65980
7862
390259
11119
10384
11149
84293
79081
55172
55320
84334
112752
91748
56851
64755
283987
124944
64149
56913
374946
56063
92747
26074
84221
56683
51493
79680
285203
389203
10826
79624
55776
221477
79783
55744
79974
114926
55848
11092
158067
377677
761
56997
794
10241
811
79012
823
826
830
79092
833
440068
841
845
857
858
868
874
23468
54862
64753
147872
152137
79714
8030
60492
6347
890
891
9133
85417
896
9134
900
1235
23552
10576
22948
10574
51744
4179
1604
966
968
974
975
994
997
11140
8318
988
8317
83879
55143
1015
1000
1004
1005
983
80279
1021
1022
1025
6792
1027
1028
1039
284040
8760
4680
1054
27440
1058
2491
79598
629
10669
10668
54480
91851
9486
51363
1147
10519
1181
9076
5010
1365
9022
9575
8192
1212
1213
84735
22866
1264
4849
4850
1267
163882
25920
1292
10584
29099
1312
1315
1327
80315
1370
1371
1374
1385
23373
1407
1410
1429
27254
7812
1445
53944
1460
1471
1478
64693
100128553
4253
ENSG00000244693
643854
1490
1496
56259
1500
1509
1510
1512
1519
8452
8450
8065
55787
51260
139231
1534
284613
51706
51167
1537
54205
1540
1545
1571
117154
1615
1616
26528
10238
51181
1644
23259
65992
1662
57062
1654
8653
168400
1656
55667
1676
8220
1723
147015
10901
ENSG00000225766
25979
56616
1730
11083
1739
1743
1756
51726
54788
10049
150353
29103
1786
1788
54344
29952
54878
1808
1809
4733
1828
79980
11266
142679
1855
1778
6990
55840
1891
1909
374786
1948
23167
1964
9086
5610
8892
1977
1978
56478
1982
8672
1983
1994
1997
84173
55250
2010
11117
23052
8909
2026
953
954
2033
2037
2053
2060
2059
51614
56605
23071
54845
2108
2109
2113
2118
2120
55218
2173
8772
9214
150368
90362
159090
116496
165215
10712
407738
63895
374986
283742
2193
54751
2200
80204
286151
26271
26269
2224
55527
2242
2271
2273
2274
29109
11153
55033
23307
2287
2288
2289
51661
11328
2314
2316
2317
2318
10211
2319
2321
2330
22862
64778
163479
2298
200350
100036519
286380
349334
653427
653404
2302
27086
93986
84978
6624
24140
50486
2539
2551
2555
2556
2568
55879
2572
2580
2591
11227
11226
2597
202309
2618
2623
2624
57459
2645
54332
2662
8200
2664
27069
55303
168537
155038
28964
2697
2702
2705
2737
148979
51031
2752
132158
2760
2764
9535
2771
2778
10399
10020
54331
29889
10007
132789
84572
2800
2804
51280
2806
2813
2820
10243
2821
27238
26996
9052
51704
29899
57655
ENSG00000250246
65983
9402
9687
29841
2896
134266
284110
56169
146395
83903
2931
2934
2957
2960
2961
2971
2993
2999
3005
9563
54930
3052
3065
23072
3070
55363
9146
3091
84681
3092
10114
85235
55355
3098
80201
3108
3118
3141
3142
3146
3155
3150
3162
3172
3181
3184
3187
3188
51361
3203
27306
3249
3251
3270
51144
3295
3297
7184
6782
3306
3308
3309
3315
23640
3329
10553
27336
3358
10075
3383
3421
51124
3428
10437
64135
8519
10581
10410
28981
3476
10643
3482
3551
9641
8517
3592
3603
55540
3606
11141
9173
51561
90865
3563
387597
3611
3614
3615
64423
26512
51447
10527
64768
3654
3659
3661
3662
3394
3678
3655
3685
9358
182
80853
56704
84962
8850
10324
3744
10008
3760
83892
23028
51780
9682
9817
202559
10656
9710
9811
9764
57608
57613
57805
3832
3796
3798
128209
23008
116138
57542
113730
3818
3849
25984
9119
246269
3898
3912
3913
51056
204219
10660
3945
26119
51176
55214
137994
3957
3958
3959
653499
56956
3980
3981
3985
ENSG00000240120
3998
64327
55788
89782
9663
4026
23143
57631
4043
116135
57470
23639
57554
9208
57408
51691
51599
56925
57151
8379
84944
4099
4100
4112
139422
9947
9863
54682
4129
84557
5605
5606
5608
5609
4294
1326
5871
5594
5595
64844
220972
4141
4142
4145
4149
51562
4162
2847
4170
4172
4173
4174
4176
79648
4200
4204
9968
51586
9442
4208
4212
10988
56947
4282
84864
145282
4288
57496
2872
23608
54903
4300
79258
4313
4318
7841
79906
9526
4350
4354
64398
4361
79922
54148
64976
122704
65005
56945
10884
932
83661
4436
4478
4482
22921
4486
4488
ENSG00000198712
4489
9112
92140
51001
4522
10588
4534
4582
79594
139221
4598
9961
4084
50804
4668
8775
8774
89797
4683
23397
4688
23054
9612
51465
80762
27158
4693
57447
57446
4722
4724
4729
55707
91754
4756
4771
4773
4775
4778
4780
4781
4782
4783
4791
4794
4798
25983
4804
55922
4821
4824
54413
51701
114548
23057
23530
8996
147111
64067
56654
2908
4893
50814
4905
4915
4924
4925
84955
57532
57122
9972
56001
728343
56000
55998
4938
84033
167826
93377
4986
10133
28962
5018
54995
9943
5032
64805
5036
140886
8106
5047
5048
5058
53354
80025
79646
55229
60676
84612
8505
11315
55486
54625
55742
5078
22976
55872
5087
5090
57326
57575
57526
26167
84759
5105
5116
5833
10015
79031
5136
9659
8654
27115
2923
9601
9124
10611
9260
57546
5170
10630
5174
5198
5204
5209
5213
267002
5238
10857
5245
5253
5264
5266
55300
5298
51588
54872
8503
11040
8544
57605
10531
5307
5313
5585
9373
5326
5328
51196
5336
55344
23646
59338
59339
5340
5346
10226
8985
57125
5395
25953
4860
8228
55163
23126
5423
5429
25885
51728
5442
29954
5444
5446
64091
5447
10631
5451
ENSG00000243207
8496
5478
5479
5481
5495
5499
23368
5507
5515
5516
5519
5529
5530
5533
11230
5052
144165
5564
5566
5568
5576
5578
5581
5590
25865
3276
3275
10419
11212
55015
158471
5660
5683
5684
5687
5692
5704
5714
84262
375743
5734
5740
5742
5743
5747
5770
5777
5801
51651
9232
10744
ENSG00000213005
5817
81607
5829
29108
5836
9727
5872
5861
5868
5869
5878
9367
9135
5884
10111
5894
55103
5915
5917
5928
64080
58517
5935
129831
149041
1104
5962
5972
5991
340526
6001
6000
55288
60561
8767
54101
122651
6041
55819
9604
25897
57674
10193
8732
28956
6093
9475
ENSG00000250588
ENSG00000250644
140606
6117
6134
140801
6136
9045
9349
6155
6122
6156
11224
6133
6184
6185
6206
6224
6227
6235
8986
6199
10670
10325
55316
8634
10313
146923
861
860
8607
6256
6284
6275
55095
64092
10284
56681
51128
112483
10066
6319
23256
7857
29970
10389
6330
6337
6338
6341
6382
6385
6386
9147
23753
6390
113675
10483
29843
5269
5345
6418
84193
6424
6440
81855
6442
6443
6445
166929
8879
10019
63898
51100
30011
6464
6470
23729
57477
10280
64374
23411
6495
64849
6566
10165
55186
11000
10999
2030
3177
6515
83959
6530
6531
9351
7871
4089
6599
6601
6605
8243
10051
57223
55234
9627
27044
6634
22938
8723
6647
6648
11063
6662
6667
6678
130560
54558
83890
8877
6689
6690
6709
6711
6714
6728
6730
6732
402055
6741
6742
6745
6749
10735
55620
6772
6774
6776
6778
27067
8987
6786
55351
6789
11075
2040
85439
55342
6801
29966
412
8676
55014
6809
6810
6811
10923
51684
6818
6822
8464
9900
6840
94056
8867
55333
9066
94121
10460
6872
6881
6883
6874
6879
6880
6876
10010
9344
83874
9238
9095
50945
6926
8557
6929
11022
27285
7014
54386
26136
7018
7023
7030
7031
7052
7053
7068
55901
26230
26520
7082
7083
64114
11070
222865
79713
55365
7110
388364
7112
7113
56649
83857
81542
7126
7128
7133
27242
407977
8741
10673
10043
10452
9868
7153
64222
7157
7166
27010
7168
7170
7172
122664
8717
7185
7186
7189
66008
54209
6737
7706
90933
287015
80128
85363
57159
ENSG00000100106
9325
54802
81628
10102
7251
25987
7263
7264
158427
8458
7272
10376
81027
10382
7283
56995
221830
25828
84817
84203
9352
10587
7297
10422
7325
10477
7327
7328
9246
148581
10277
29978
23304
51035
7347
54963
51506
7357
56886
23353
25777
7374
85451
51733
65110
65109
7384
55665
10083
8615
9100
8975
9099
7874
9101
80146
7409
7411
1462
7414
7430
9559
51160
7443
338917
7450
7454
8936
ENSG00000185596
ENSG00000234769
ENSG00000182484
8976
155368
146845
79446
348793
55112
112840
124857
55062
26100
7472
54361
9589
7499
331
63929
57510
7515
ENSG00000244255
4904
80122
7529
10971
7534
57621
26137
10009
140685
84186
55063
51304
9839
7538
23414
7543
22882
7586
55954
100506144
10771
84225
7707
7739
7745
7673
10308
10782
10838
195828
284370
91392
166793
163255
51385
93474
342926
7621
7625
7627
91603
90649
7783
54764
284312
342945
57643
9183
7791
