100
10005
10007
100128062
10020
10057
10057
10087
10157
10164
10165
10166
10195
10195
10195
10195
10201
10229
10257
10317
10317
10317
10317
10317
10327
10327
10331
1036
10380
10390
10396
10400
10400
10400
10423
10423
10449
10455
10554
10555
10558
10559
10587
10587
10587
10588
10599
10606
10610
10637
10654
10678
10678
10682
10690
107
10723
10768
10768
10797
108
10846
10861
10861
10861
10870
10873
109
10905
10935
10935
10965
10975
10993
10998
10999
11000
11001
1103
1103
1103
1103
11041
11046
1109
111
11112
11136
11164
11182
1119
1119
112
112
1120
1120
11212
11226
11227
11238
11254
113
113026
11332
11343
11343
113451
113452
114
114112
114799
114805
115
115019
115019
115111
115111
115286
115286
115286
116255
116369
116369
117247
117248
1178
122481
122622
122622
122970
124
124454
124583
124935
125
125206
126
126129
126328
127
128
129642
130
130752
131
132158
132789
1356
1371
1373
1374
1375
1375
1375
1375
1376
137872
137964
1384
1384
1431
1431
144195
1468
1491
1491
1503
151531
1537
154091
1543
1544
1545
155184
1557
1571
157570
158
158
1582
159
1593
1595
159963
160287
1603
1606
1607
1607
1608
160851
160851
1609
1610
1629
1632
1633
1635
1644
1650
1666
1716
1717
1718
1719
1723
1727
1738
1743
175
1757
178
178
178
178
178
178
1798
1798
18
18
1807
1808
1809
1811
1836
1890
1891
1892
19
191
192134
1956
1962
196883
196951
197257
197257
197258
200010
200576
200576
200576
201562
2023
2026
2027
2027
203
2030
204
204
204
205
205
205
206
206358
2098
210
210
2108
2109
2109
2110
216
217
218
2180
2181
2181
2182
2182
219
2194
220
2203
221
222
2222
2224
223
22305
22305
2235
2235
224
226
226
226
2271
229
22978
230
23007
23057
23057
231
23236
23236
23305
23396
23417
23475
23530
23530
23533
23539
2356
23563
23563
23600
23600
23632
23743
23761
246213
248
249
2495
250
2509
251
2517
2523
2530
2530
2530
2530
2530
2531
2538
2539
256435
257068
25769
25796
2582
2582
2583
2584
2585
2588
2589
2590
25902
2591
2592
2592
2592
259230
2597
26
26063
2618
2618
262
26227
26237
26266
26279
2628
26289
26289
2629
2629
2629
2629
2629
26290
26301
2632
26330
2643
2645
2645
2645
2650
26503
2651
2653
2673
2678
2683
2686
2687
26873
270
27010
27034
27068
27068
27068
27068
27089
271
271
271
27115
27124
27124
27165
27165
2717
272
2720
27232
27235
2729
2730
2731
2739
27430
27430
2744
2745
275
2752
2762
2799
28
2805
2806
2819
2821
28231
28234
284111
284129
284208
284273
284273
285216
286297
2875
2876
2876
2877
2879
28976
290
29124
2936
2937
2974
2977
29796
29796
2982
2983
2984
2986
2987
29880
29906
2992
29920
29922
29922
29925
29925
29926
29926
29929
29958
29968
29968
2997
2998
29988
30
3000
3028
3030
3032
3033
3067
3073
3074
30814
30815
30833
3098
3098
3098
3098
3098
3099
31
31
31
31
31
3101
314
314
3145
3155
3156
3157
3157
316
3162
3163
3176
3177
32
3251
3295
33
34
3417
3418
3422
347734
348477
349565
35
353
3550
36
3612
3613
3614
3614
3615
3620
3628
3631
3631
3632
3633
3635
3636
3658
366
37
3704
3706
3707
3712
374291
374907
374907
376497
376497
377677
377841
3795
3795
38
383
384
39
3939
3945
3948
3948
3990
3992
400410
4023
4025
4047
412
4121
4122
4124
4125
4126
4128
4129
4139
4143
4144
4166
4190
4191
4200
4245
4247
427
427
43
43
4329
435
4351
4353
4363
443
445
445
4507
4519
4522
4548
4597
4598
4645
4668
4694
4695
4696
4697
4698
47
47
4700
4701
4702
4704
4705
4706
4707
4708
4709
471
4710
4711
4712
4713
4714
4715
4716
4717
4718
4719
4720
4722
4723
4724
4725
4726
4728
4729
4731
4758
48
4830
4830
4831
4832
4833
4842
4843
4843
4844
4845
4846
4860
4881
4882
4882
490
4907
491
492
493
4942
4952
4952
4967
4967
50
501
5019
50484
5052
5052
5052
50614
50814
5091
5091
50940
5095
5096
51
51
51004
51004
51022
51022
5105
51079
51102
51166
51166
51179
51179
51181
51196
51205
51251
5130
51301
5136
5136
5137
5138
5139
5140
5140
5141
5142
5143
5144
5145
5146
5147
51477
5148
5149
5150
5150
5151
5151
5151
5151
5151
5152
5152
5152
5152
5152
5152
5152
5152
5152
5152
5152
5152
5152
5152
5152
5152
5152
5153
51557
5158
5167
5169
51703
51706
51727
51733
51805
51809
5198
52
52
52
5207
5208
5209
5210
5211
5211
5213
5214
5223
5224
5224
5226
5230
5232
5236
5238
5244
5244
5244
5250
5250
5250
5250
5286
5287
5288
5289
5290
5291
5293
5294
5295
5295
5295
5296
5297
5298
53
5305
5313
5313
5315
5315
5315
5319
5320
5321
5322
5330
5331
5332
5332
5333
5334
5335
5335
53354
53354
53354
5336
5337
5372
5373
53947
54
5406
5407
5408
54187
54344
54344
54363
54407
54511
54539
5464
54677
5471
5476
54898
549
54963
5498
54981
54995
55
55089
55163
55224
55229
55276
55293
55301
55312
55326
55343
55349
55350
55350
55350
55361
5538
55500
55568
55568
55577
55753
55811
55825
55902
55902
55907
55967
56052
5625
56474
56474
56606
56606
56623
56848
56894
56894
56895
56901
56913
56922
56953
56954
56994
570
57026
57030
57084
57134
57171
57194
5723
5728
57468
57665
57678
57786
57818
5805
5831
5832
5833
5834
5836
5837
586
5860
593
594
594
60386
60481
6120
6120
6173
6184
6185
6240
6241
6307
6309
6319
6342
635
6389
6390
6391
63917
6392
64064
64077
64078
64080
64087
641371
641372
641649
642502
644
645
64600
6470
6470
6472
6476
6482
6482
6483
6484
64840
64841
64849
64849
64850
6487
6487
6487
6487
6487
6487
6487
6487
6487
6487
6487
6489
64902
65010
65010
65010
6505
6506
6507
6508
6508
6509
6510
6511
6512
6513
6514
6515
6517
6520
6521
6522
6523
6524
6526
65263
6528
6530
6531
6533
6541
6542
6557
6558
6560
6563
6566
6574
6575
6576
6579
6581
6582
6582
6584
65985
66035
6646
6647
6648
6652
6675
669
669
6697
6713
6718
6723
6783
6785
6817
6817
6817
6817
6817
6818
6818
6818
6820
6820
6821
6822
6898
6901
7001
7001
7001
7084
7086
7264
728226
728441
728637
7296
7296
7296
7296
7298
7355
7357
7358
7371
7372
7381
7384
7385
7386
7388
7389
7390
7498
755
759
760
761
762
763
765
766
766
767
768
771
771
7841
788
790
79053
79053
79053
79071
79087
79143
7915
79369
79611
79623
79646
79695
79717
79751
79814
79837
79901
79966
80025
80025
80025
80025
80068
80150
80168
80201
80271
80339
8034
80347
8050
80704
80724
80864
81031
81490
81537
81539
81579
8170
81849
8228
8277
8309
8310
83530
83549
83594
83697
83715
8372
83733
83884
8394
8395
8396
8396
8398
8398
8399
84002
8402
84076
84129
84343
8443
84532
84649
847
84706
84735
84812
84889
84920
8501
8503
8513
8525
8525
8525
8526
8527
8527
8534
85365
85365
8540
8560
8560
8566
8574
8604
8622
8639
8654
8654
8654
8659
8659
8693
8694
8703
8704
8704
8705
8706
8706
8706
8706
875
8760
8781
8789
8790
8801
8802
8813
8818
8818
8821
883
8836
8854
8854
8854
8867
8867
8869
8871
8875
8875
8876
8879
8883
8897
8897
8897
8908
89869
9023
9045
9057
9058
9060
9061
9123
91373
9153
9154
9154
9162
91703
91734
9187
9194
9197
9200
9227
9245
92483
92579
93010
93034
93034
9334
93492
9374
9380
9388
94033
9415
9435
9468
9469
9489
9514
9517
953
954
954
955
956
9563
957
9583
9651
9856
9926
9942
9945
9962
9962
9963
9963
9990
AA021081
AA081045
AA177072
AA203143
AA278423
AA502753
AA526438
AA532636
AA614647
AA629629
AA676725
AA788780
AA854479
AA977580
AF080579
AF116616
AGPAT7
AI024818
AI091231
AI191472
AI222095
AI285872
AI345944
AI348006
AI373818
AI378339
AI435857
AI440329
AI469183
AI480132
AI493054
AI539321
AI601100
AI620219
AI631997
AI640625
AI653169
AI656480
AI694761
AI697028
AI761708
AI769281
AI818585
AI915649
AI924226
AI926493
AI934540
AI935189
AI971023
AI971036
AI972237
AI990637
AL038231
AL050025
AL525798
AU149534
AV717590
AV727381
AV727634
AW277253
BC005314
BE042354
BE966236
BF195998
C7orf24
D87002
F23536
FLJ44968
H17063
H45672
H53099
H77542
H94367
HG2846-HT2983
LOC647190
LOC727762
LOC728997
MBOAT5
N63787
NM_001929
NM_013421
PRO1933
R06874
R14373
R33828
R51273
T83654
U37519
W74642
W87865
