Strong
53947
14
80755
60496
26574
11194
4363
6059
10061
83451
11057
171586
25
ENSG00000258974
100129335
57639
51776
55829
83538
81532
55971
ENSG00000178404
ENSG00000214773
30
34
91452
84680
43
47
48
50
23597
51
52
93953
2181
60
86
51412
10881
81569
87
88
81
140625
100
11086
339366
54936
159
134265
3899
27125
10939
174
116986
3268
55750
55326
196
10598
7965
203
26289
8165
8227
10566
10270
10142
254268
10327
231
207
ENSG00000236575
220
219
7915
229
79868
10195
29880
221120
59344
57538
249
273
275
51529
51433
284
51479
404734
ENSG00000254996
54467
29123
91074
91526
57182
8125
301
11199
ENSG00000212712
9546
323
327
328
8539
187
55911
79135
353
64411
10565
83478
396
9138
9826
9181
7984
8289
84159
10550
55130
79637
51566
153642
57412
443
554235
79058
445
1386
22809
55729
115201
472
490
515
100526740
535
538
540
93974
546
550
57099
11041
10331
146712
570
9529
10458
8314
343472
581
11177
55212
10134
9774
57596
23299
329
29760
645
8548
663
664
149428
669
8315
55290
54836
10384
153579
699
9184
8896
9256
55088
79081
80763
11161
51637
9605
283870
124783
124989
ENSG00000167159
80233
55028
23587
388325
497661
126526
55337
56913
55765
54955
55732
54991
79078
148523
127281
708
57136
84221
56683
51493
51233
375307
205327
84077
84319
10826
729
10591
206412
79624
55776
221477
79783
113763
115416
136263
340277
222950
286006
84060
114926
80185
389643
375748
414328
286207
79095
375791
85026
257169
55848
169693
51759
58493
55684
11092
203197
377677
23523
57010
56344
10241
800
51063
805
811
813
57118
57172
157922
124583
821
826
79092
8573
841
857
868
874
10951
11335
8535
23468
54862
55749
883
56267
112942
93233
147872
550631
149483
55246
148870
79714
284001
54482
60494
890
904
905
10576
7203
10694
80381
11314
10849
960
966
967
968
8881
991
996
9578
988
157313
83461
113130
55143
60437
51755
23552
80279
1022
1025
1028
1039
30850
284040
81620
55573
388551
1054
27443
10658
11189
1058
401541
9857
9702
64793
ENSG00000258890
29956
204219
57530
8208
54927
1108
11200
53344
26511
1120
1122
5119
92421
79643
25884
9486
9435
23563
9391
63924
10970
23155
1181
1182
1186
9069
6320
25932
79827
9575
146225
54918
168975
10175
55330
4850
1267
ENSG00000242689
1272
80347
23242
25920
9382
22796
57511
7373
1308
1291
1292
1293
1312
1314
8533
10987
10980
51200
80315
8895
53981
11052
1374
1376
1385
90993
79174
83690
10491
23373
200186
64784
1410
1429
9946
7812
1434
1436
1440
1454
1460
1471
1478
1479
1487
ENSG00000258724
3145
1491
1496
1499
56259
1509
1520
55917
8450
23316
10283
1525
203413
80777
1727
54205
1545
1565
1571
9265
1601
7818
1615
1616
26528
28988
1629
10238
50717
131566
1635
10540
23259
1653
10521
55308
11218
57062
29118
55661
11325
1655
79039
1656
1666
7913
64789
91614
79139
1676
1687
1717
79947
1725
9249
79132
1660
56616
1736
1740
1749
9988
55172
3301
51726
54788
11080
25822
85406
29103
27000
120526
54943
7266
1776
1786
1788
1789
23549
1791
30836
1796
5977
84661
1808
10589
1819
84062
64118
54920
11221
51207
142679
54935
1780
ENSG00000256061
55840
9166
10969
1892
51295
9695
1909
8411
79645
146779
1948
23167
9343
54583
163126
8667
8668
9775
1977
56478
1981
1982
8672
60528
79767
55250
2010
146956
55740
2021
2026
954
9583
2033
2037
2039
2053
2058
2060
26284
23085
2067
57222
2079
10613
11160
114625
54845
23344
2108
2109
2118
344191
55218
23265
9941
5394
23404
2139
2146
2173
8772
51011
151313
90362
23196
116496
64855
131408
162427
57700
51101
401565
23172
222234
148109
116228
9130
113115
55793
348013
149647
ENSG00000172717
84895
55177
51115
286077
283742
2189
355
2194
79791
93611
54461
2237
2241
2271
2272
2274
29109
11153
2277
55033
23307
51661
11328
201163
2316
2317
2318
114793
2335
57600
2355
3607
93986
143162
6624
8880
170384
2530
9513
53827
10146
9908
2539
2553
2555
2568
2580
2582
2589
2590
11227
23193
2597
10634
2624
54815
2629
79571
2645
2730
10985
2651
392255
2664
54960
2676
23163
79017
8836
2686
27069
170575
55340
168537
155038
2702
2705
2734
152007
51031
51022
10539
83468
2752
84656
2760
10691
26205
29925
10672
10399
59345
27232
2800
2802
2804
27333
51280
57120
137362
7918
55105
60313
2819
2852
2821
27238
114928
29899
54762
9402
9380
2891
2896
134266
83743
284110
56169
146395
2931
23708
373156
2950
2961
2962
2963
2965
9569
2971
85865
2983
8971
3014
3015
3020
3021
440093
3033
54930
54801
10542
3065
3066
23072
55363
113802
9709
64224
8820
10614
124790
9146
64399
11112
3091
64344
3094
3092
28996
8335
8350
8358
8352
8351
8353
ENSG00000256316
ENSG00000256018
8357
8354
8356
440689
333932
126961
653604
ENSG00000203818
8290
3098
3099
3142
ENSG00000256269
10363
8091
54511
3150
3172
10949
3178
3181
220988
3182
3183
3184
3185
3187
3188
3190
3191
4670
10236
3192
221092
9455
51361
84376
3222
27306
3251
9653
150274
3295
3297
7184
6782
3306
3309
3313
26353
79663
3329
3336
10808
10553
27336
94031
3364
10075
23308
3398
3620
28981
10642
8809
3557
53833
163702
9235
3563
3568
3608
3609
80895
83943
10989
54928
9118
3622
83444
54891
283899
8821
51447
10527
64768
ENSG00000250588
51135
359948
57461
83737
81533
3655
3679
3685
3688
3695
3704
80853
79831
23210
56704
57338
84962
3725
23189
84056
56888
10008
3760
3764
83892
22992
51780
9682
10765
9933
9710
9907
9813
9764
9858
9851
57456
57608
3832
113220
146909
10749
23046
84643
11004
9371
152831
128209
122773
23008
116138
57542
57565
27252
89857
25818
346689
3838
84626
51315
11103
3866
192666
3857
3895
246269
51110
55004
8649
55915
51056
51574
81887
54900
3948
389170
23592
10536
3956
3958
3959
51474
9388
3993
55788
4000
9361
125336
23566
79888
9663
23143
84859
4043
10234
126364
116135
55631
90506
347731
90678
4048
84946
51747
56925
66004
137797
57128
145748
11178
8379
9935
4116
84557
5607
9020
1326
5594
5603
5595
22919
162333
64844
4149
151963
8930
129642
4162
4173
4174
4175
4176
79648
9656
4190
4191
145553
4200
64769
51102
9968
51586
9412
9442
29079
112950
4209
4212
4222
10988
4234
28989
51603
79066
256471
11343
85377
9562
55320
4288
84365
8195
7681
54903
79682
8079
4292
4301
22877
25974
4311
79258
4314
4317
4318
4331
8777
54737
51678
112609
4361
79922
124995
29074
51253
64978
64976
84311
54534
51258
122704
128308
65005
55173
64960
56945
64949
28957
10884
51081
10335
932
2956
124540
4478
4482
253827
4486
ENSG00000198938
4489
9112
9219
92140
130916
4522
25902
25821
4582
79594
4598
9961
4084
50804
93408
4633
399687
80179
93649
9172
127294
60560
112939
54187
8774
64151
22916
8202
27158
4693
10397
4698
51103
54539
4712
4717
100528064
6787
9147
4758
4771
4773
4775
4790
4791
84807
25983
55768
579
79671
4830
ENSG00000243678
654364
29922
23057
4836
10874
26155
25926
51406
4841
51602
51070
64067
10577
4869
4889
1728
2908
4306
441478
4893
8828
4905
84081
387338
55695
79730
30833
22978
4907
4915
9891
81788
10101
4925
10726
84955
4521
254552
57532
4926
57122
9972
348995
23636
4927
10204
10482
56001
728343
55998
79035
84033
54940
4952
4967
55239
80207
4986
26254
158131
4998
5001
23762
114883
55644
5008
51633
5018
5019
54995
9943
5025
5032
5033
5034
54681
55486
5073
54625
56965
23178
5078
5079
55872
54039
57575
27253
56131
5105
5108
115294
5111
5116
5121
5833
5132
11235
22984
10015
5082
79031
347862
9659
8654
27115
2923
9601
5164
9124
55825
9409
5190
5198
5201
5204
5209
ENSG00000243251
5236
10857
65979
51131
51317
84295
23612
29085
5264
51050
55300
8554
8301
80119
54872
54965
8503
ENSG00000254093
79837
5307
63876
5317
23659
9373
5326
5336
79156
10226
5371
23203
10654
11284
55228
5411
375775
50640
10957
79883
23126
5422
5425
5427
11201
64425
5433
5435
5438
10623
10622
51728
51371
5444
10775
5447
5460
5464
692312
ENSG00000243207
5479
5481
10450
9360
5495
152926
5501
54776
23368
84988
79660
5511
5516
5529
5533
55291
5538
10084
11230
390999
5546
7799
56978
5052
10935
25824
9588
10113
5575
5578
5580
5584
5590
5587
ENSG00000253729
5612
5613
8842
5627
11212
283571
8559
27339
9129
9128
8899
10594
5636
55771
163154
79056
221191
5660
5664
11168
5684
5686
5694
5700
5701
5702
5704
5707
5716
5718
5708
10197
9491
26024
55037
9536
80142
5744
138639
5770
5781
5782
5791
5794
5801
51651
9232
22827
126789
54899
5829
29108
90780
55278
169714
10890
8766
80223
51552
22931
5874
83871
25782
5868
5870
51560
7879
9367
10567
9135
5875
29127
10111
5890
25788
5883
8480
8498
23108
5915
158158
5925
10616
23543
5934
54033
10432
64783
55696
155435
ENSG00000188739
9584
79171
129831
10180
51634
1104
23186
283248
7936
5965
7905
92840
5970
9185
473
5978
57455
5982
5983
5991
9886
114822
6015
60561
8780
8767
54101
64795
10535
7737
140432
55819
9604
25897
6045
56254
200312
54894
8732
9475
4920
ENSG00000258838
ENSG00000255439
ENSG00000256591
ENSG00000259132
ENSG00000251537
ENSG00000258465
ENSG00000257390
140606
6117
6118
6119
80135
23322
6134
140801
23521
9045
6125
6185
6208
91582
9252
64121
6238
50484
51018
23076
88745
222194
6248
8634
10313
83597
55680
22902
146923
861
140576
6275
6277
401474
219285
25813
64092
29115
6301
112483
51119
57466
286133
6319
85477
6322
6327
6341
55681
23753
54949
113675
22872
6400
6407
29843
26054
84947
26135
5273
5055
5268
5345
9792
56256
83667
6418
9739
29072
84193
54093
10992
23450
10262
119392
94081
119559
151648
8879
10019
152503
79729
51100
56904
81858
6464
6470
6472
23729
57477
80143
64374
57568
23411
23408
220134
6502
7884
201780
6505
6574
63027
1468
8402
788
79751
11001
10999
2030
3177
6515
341880
5430
55334
254428
83959
6527
6531
9368
26050
4092
64744
56916
6602
6605
8243
10051
140775
6607
64093
342527
55234
56950
114826
8773
27044
54861
9410
6626
6628
22938
29887
29916
9784
401548
6648
6651
83595
6672
3431
6668
200162
10615
64847
54558
9789
92521
23013
8877
10653
83985
8878
10847
153443
6730
6733
100170229
9295
6430
6432
6741
54961
6748
6483
6489
10274
10735
90627
6774
8987
55351
11329
23012
6789
2040
55437
11171
55342
8676
53407
9482
252983
10923
51684
57794
27284
6783
23353
9913
25949
8189
10492
91683
127833
84447
10460
51204
6872
6881
6884
6877
6878
6880
10010
23435
64786
57465
9095
6909
123036
6917
7062
6950
55346
9894
7014
54386
26136
7030
24144
7035
7037
7041
10618
96764
57215
117145
9984
84321
10189
80145
79875
353376
10440
10245
261726
7086
7088
7094
64114
10959
222068
51014
100302736
54732
79073
55260
55266
23306
147007
23670
93109
388364
29766
83857
83590
79089
7126
8795
27242
10673
23043
10188
7140
3842
7143
84951
9804
56993
116447
7153
7155
27348
64222
9878
7158
7159
9540
8626
27010
7174
8459
22974
7185
7186
9618
7189
54209
81559
10626
10346
51592
23087
4591
89122
90933
81844
201292
9866
55128
131405
ENSG00000100106
9321
57570
55006
80746
10194
10867
23270
100131187
158427
7267
22996
7273
7277
203068
7283
11334
221830
7295
25828
84817
9352
7296
129450
7307
11338
7327
7329
29089
9690
10277
29978
23304
7343
51035
7345
51377
56886
9706
7374
5976
7389
10083
8615
9100
9097
10868
23326
57646
84749
25862
8078
158880
51118
7402
81839
9218
9217
7408
7411
1462
7414
7415
7416
79674
55591
7431
7433
79001
51160
137492
27072
11311
55275
222008
338917
8936
ENSG00000185596
ENSG00000234769
ENSG00000182484
8976
11169
146845
91833
55339
89891
57539
23160
22911
348793
55112
164781
79084
124997
29062
116143
55093
494551
7468
7469
84305
55062
55135
7485
25937
7499
331
114786
7514
57510
7515
7518
7520
2547
9942
8565
78992
80122
7529
7531
7532
10971
7528
284273
65986
27107
57621
57684
10009
403341
9877
55854
56829
51530
84186
158866
64429
79752
7763
79776
7542
64145
23051
100506144
84225
116225
23613
7693
7694
7705
7727
7566
7739
7756
7775
7572
7574
49854
7551
284695
27309
171017
80818
100287841
168544
197407
57473
25925
163255
27300
339327
147929
84924
80110
57592
57116
7621
55762
7626
90321
58492
158431
7633
219578
283489
91603
284312
80345
65982
151112
221302
Moderate
80755
60496
10157
9625
10006
25
22885
ENSG00000258974
162972
10404
ENSG00000187812
200373
ENSG00000214773
30
32
35
37
38
91452
59272
22985
10005
51
51205
197322
2180
2182
55902
10880
88
140625
6868
2515
103
56997
23394
157
158
134265
10939
174
54812
3267
55109
79814
10555
55326
196
10598
64853
9049
203
9590
10142
207
208
ENSG00000225766
5832
8659
7915
64577
223
229
121642
249
8092
259
270
51529
284
51479
81573
11199
311
307
309
8906
10307
327
55911
23780
351
375
383
392
83478
396
9138
9639
9826
23370
8874
8289
25820
151188
83787
9823
405
10094
414
416
153642
427
140459
140460
84164
429
55870
8623
554235
80150
1386
467
11016
84938
10533
481
490
491
492
506
515
539
9114
526
6310
6790
567
148789
2583
2683
8703
571
8314
581
11176
27113
8424
10134
604
53630
8678
139105
633
637
274
329
330
332
641
29760
660
662
149428
92747
673
672
10902
7862
54836
390259
695
10384
11149
84293
79081
91748
56851
283870
124989
80233
64149
255057
57821
79098
93190
388753
148523
127281
26074
83606
79680
150383
51161
285203
389203
79624
221477
79783
79974
84060
114926
54586
55848
169436
771
761
765
785
794
163688
811
814
79012
820
821
822
823
830
833
8573
440068
839
841
844
845
857
858
873
54862
883
1238
112942
64753
147872
152137
8030
285331
60492
890
891
9133
85417
896
9134
900
1235
10576
22948
10574
914
51744
23607
920
1604
966
968
972
974
928
22918
8555
994
996
11140
55561
8318
988
8317
83461
83879
55536
55143
1015
1016
1000
1004
1005
54825
983
5218
5127
23552
1021
1022
1025
54901
6792
388551
4680
1053
27440
1058
84902
79598
204219
629
57530
10669
10668
1113
1114
1118
128866
54480
91851
1140
1147
9541
26586
1181
9076
5010
1365
10462
6320
23274
338339
9022
25932
79745
79789
9575
8192
22883
168975
84735
22866
1264
4849
1267
163882
1272
1292
29099
1312
1315
1327
1340
93979
1370
1371
1376
1382
1385
49860
64784
1429
27254
1440
1454
53944
1460
1471
10047
1475
64693
100128553
4253
ENSG00000244693
643854
1499
56259
1509
1510
1512
ENSG00000256043
1520
55917
8450
8065
ENSG00000257923
51260
1534
284613
51706
51167
79901
1537
54205
1540
1558
1571
117154
1616
26528
1618
28988
79077
54165
51181
1643
1644
65992
1653
1662
1654
8653
168400
54606
1656
1666
55667
1676
8220
1723
147015
10901
317749
25979
56616
1730
129563
1739
1741
58512
1743
1756
55172
51726
150353
120526
1773
1786
1788
1800
54344
54878
1809
4733
1823
1828
1829
79980
151636
11266
1855
1778
6990
10969
1891
55268
1632
1909
374786
30008
1948
23167
1964
9086
5610
8892
51386
1977
56478
1982
1994
1997
1998
2004
84173
55250
2010
24139
2013
23052
8909
2022
2027
2033
2037
2039
2049
2053
2060
2059
2064
51290
51614
157697
56605
23071
83715
2113
2120
2124
346007
50848
2166
2168
2172
2173
51011
9214
90362
91523
159090
219287
54463
84734
84141
84070
10712
139231
63895
51571
55793
286077
283742
2187
55711
2193
10516
2200
2203
80204
26269
2207
2222
2224
2242
2244
2271
2272
2273
2274
387758
2287
2288
2289
201163
2316
10211
2319
2330
22862
64778
163479
2355
2302
27086
93986
2307
84978
6624
24140
2534
50486
2539
2551
2556
55879
55568
2591
11226
2592
2597
202309
2618
2624
57798
57459
2628
2645
2662
9518
79017
9453
51738
55303
168537
155038
10755
28964
2702
2705
2737
148979
2739
51031
55830
132158
26205
2764
9535
2771
2773
2778
10399
54331
29889
10007
132789
84572
9950
342096
55889
653641
653643
2804
27333
51280
92344
2806
2852
10243
27238
11318
2845
2850
53831
9052
ENSG00000089351
65983
9402
56850
134266
284110
2931
2934
2938
2939
2940
221357
2954
2957
2992
2993
2999
3005
9563
ENSG00000213397
84868
3052
3065
3066
10013
23072
3070
55363
9843
9146
3091
84681
3092
85235
55355
3115
3118
3119
3122
6596
3146
3148
3155
9324
3172
10949
3181
3187
3188
51361
3198
3203
3211
50809
27306
3249
3251
3270
10247
9957
3297
116835
3315
3329
10808
10553
3358
10075
3383
3421
3620
51124
3428
64135
10581
10410
3460
3476
10643
3482
3486
79713
3551
8517
3592
3597
3603
55540
11141
9173
3557
53833
51561
9235
3563
387597
3614
3615
64423
8821
3640
26512
ENSG00000250588
3654
51135
3659
3661
3662
3394
3678
3655
3682
3685
23421
9358
3704
3708
85450
182
133746
9929
8850
23522
10324
3744
7881
3772
23028
7403
9817
202559
10656
9710
9729
57613
3832
547
10749
3796
84643
3798
116138
57542
200942
79786
25818
3818
3866
3849
25984
3857
3912
3913
3915
28956
51056
3927
27040
10660
26119
84247
51176
23592
55214
137994
3957
3958
5641
56956
3980
3981
10990
3985
9516
3998
55788
89782
ENSG00000163431
9926
9663
4025
57631
116844
136332
55631
57470
23639
9208
57408
51599
4048
56925
8581
57151
11178
8379
84944
4099
4100
4112
139422
9947
9863
4116
7873
54682
4129
4133
5607
5609
4294
9020
5871
5594
5595
8550
22919
64844
220972
4141
4142
5648
4145
4149
53615
51562
4162
56922
2847
4170
4172
4174
4176
4200
4204
9968
51586
6837
9442
4208
4212
4238
56947
4240
4241
11343
4282
4288
57496
23608
4300
4301
79258
80168
7841
79906
54996
9526
4350
4352
4354
4356
64398
116535
29088
51253
54148
65005
10335
83661
4436
2956
55167
4478
4486
4488
4489
4504
9112
23788
51001
4522
10588
4534
25821
4548
4582
ENSG00000215182
4595
9961
4084
4604
58498
ENSG00000188126
399687
4644
4653
9172
127294
51691
4668
8774
4683
23397
23154
4688
4690
56926
23054
9612
23413
80762
54602
57447
4711
4722
4724
4729
64168
55707
4741
91754
10763
91624
4771
23114
4773
4775
4778
4780
4781
4782
4783
4795
4798
25791
4804
4817
55922
54413
114548
9111
9397
10316
23530
64067
10577
56654
10886
8131
387129
4835
2908
50814
4905
387338
50863
4915
4924
4925
254552
9972
23165
4927
10204
56000
4938
4974
93377
10133
26031
28962
56914
78990
5018
54995
64805
140886
51702
5048
5062
53354
80025
79646
10914
5069
60676
8505
11315
54625
143
55742
23178
5076
5078
5079
22976
5087
5090
57326
ENSG00000204956
ENSG00000253846
ENSG00000253873
ENSG00000253159
56114
ENSG00000254245
ENSG00000253485
ENSG00000253731
ENSG00000253537
ENSG00000253767
ENSG00000254221
ENSG00000253910
ENSG00000253953
ENSG00000253305
ENSG00000254122
ENSG00000240184
ENSG00000242419
ENSG00000240764
84759
5105
5110
9468
27250
79031
5136
8654
5151
2923
9601
27295
5170
10630
5174
5037
5209
5213
5236
5238
5241
5245
11331
1911
148479
23338
5253
5255
5264
55300
5298
51588
51227
5284
113791
5295
8544
57605
10531
5313
5585
8398
9373
5328
5336
55344
59338
59339
5340
5350
8985
57125
25953
9240
4860
8228
55163
23126
5422
5423
5429
25885
51728
5442
29954
5446
64091
5447
10631
5451
25833
11281
8496
8495
5495
151742
5499
23368
94274
79660
5507
5533
22870
11230
5052
5564
5566
5568
5578
5580
5581
5590
5587
25865
3276
3275
10419
8842
55015
79056
29122
58497
158471
5663
5683
5684
5687
5692
5704
5716
5714
84262
79810
5734
5742
5744
5747
138639
5777
5805
9232
10744
5817
5819
29108
5836
5697
9444
25797
9727
5872
57111
116442
5865
347517
5878
9367
9135
5884
25788
5894
2889
5915
5917
23551
83593
5925
5928
64080
389677
58517
5935
1104
5962
5972
54884
117584
5986
64326
340526
8490
84236
22836
55288
158787
9783
8780
122651
84659
6041
168433
25897
57674
54894
8732
9475
6096
ENSG00000250644
ENSG00000173366
ENSG00000205835
ENSG00000258941
58515
84451
6117
6118
23322
6136
9045
9349
6155
6122
6156
11224
6133
6175
6176
6184
6185
6206
6224
6227
6235
6195
26750
83694
6202
10670
10325
6238
55316
8634
27156
10313
860
6256
6257
6271
6284
57402
140576
6285
6291
55511
55095
64092
10284
56681
51128
112483
23314
10066
23256
7857
29970
85477
6322
10389
6390
10483
6403
5414
5269
5176
5345
56256
84193
9869
10291
10262
6424
118980
81855
6442
6445
166929
8879
63898
79729
51100
30011
6464
8036
57477
6476
100049587
25942
23411
23408
4990
9058
64849
51296
6566
6575
55356
85413
83447
55186
11000
10999
148867
254428
124935
6508
6531
6542
9368
7871
10051
ENSG00000226746
57223
9892
9627
27044
6634
57231
8723
6647
11063
6662
6667
6672
6668
81833
6678
130560
83890
8877
10653
6709
6710
6714
6722
5552
6728
6733
58477
402055
6741
6742
6745
6749
27090
55576
55620
6772
6776
6778
6786
8576
6789
3925
11075
2040
11037
286749
85439
55437
6801
29966
412
55014
6809
6810
6811
6812
6818
6783
23353
25777
256979
11198
9900
94056
8867
55333
23336
9066
94121
10460
6870
117143
6872
6881
6883
6874
6875
6879
9344
83874
25771
9238
9095
50945
6926
8557
6924
6929
7005
7006
27285
7014
26136
51368
7023
7031
7045
7053
84321
8563
7068
353376
26520
7082
9414
54106
9375
51014
100302736
55365
56063
55219
7110
7112
7113
56649
81542
3371
7126
7128
8784
7133
8742
407977
8741
7143
84951
10043
146691
10452
9868
7153
9540
27010
7168
7170
7171
7172
122664
22974
8717
7185
7186
80342
7189
66008
27095
54209
28951
57761
10206
6737
10346
7706
90933
80128
286827
ENSG00000100106
9325
54802
55039
7225
80746
10102
7251
25987
83942
7263
7264
158427
151613
164118
8458
7273
7275
10376
81027
7286
56995
11334
55787
25828
9352
7296
10587
7297
10422
7325
10477
7328
7329
ENSG00000198833
7332
9246
65264
29978
7345
7347
54963
7357
115426
51733
65109
80761
7384
7389
10083
9100
8975
9097
9099
57695
9101
84294
7402
7404
80146
7408
7409
7419
7716
63894
ENSG00000093134
9559
27072
11311
7443
51231
222008
645832
7450
8936
8976
79446
10885
348793
55112
79084
112840
116143
23038
26100
80326
54361
7476
7483
55135
9589
63929
7515
ENSG00000244255
9942
4904
25844
7529
10971
ENSG00000130731
7704
57621
26137
10009
140685
166793
51043
340554
84186
9839
7538
23414
7543
7544
22882
7586
55954
10269
10771
84225
ENSG00000256223
7702
7707
7711
7728
7730
7745
7755
7673
7769
7571
9310
10308
10838
ENSG00000256683
195828
79797
79744
91392
339327
80095
7625
7627
58492
374928
7783
124626
284312
342945
221302
9183
7791
